000005 12361.593235000
000006 12361.593235000
000007 12361.593235000
000008 12361.626563000
000009 12361.626563000
000010 12361.659892000
000011 12361.659892000
000012 12361.659892000
000013 12361.659892000
000014 12361.693371000
000015 12361.693371000
000016 12361.693371000
000017 12361.726699000
000018 12361.793514000
000019 12361.793514000
000020 12361.793514000
000021 12361.793514000
000022 12361.793514000
000023 12361.993561000
000024 12362.193510000
000025 12362.193510000
000026 12362.193510000
000027 12362.193510000
000028 12362.193510000
000029 12362.260176000
000030 12362.260176000
000031 12362.260176000
000032 12362.560186000
000033 12362.560186000
000034 12362.560186000
000035 12362.726844000
000036 12362.726844000
000037 12362.726844000
000038 12362.793517000
000039 12362.993520000
000040 12362.993520000
000041 12362.993520000
000042 12362.993520000
000043 12362.993520000
000044 12363.160185000
000045 12363.160185000
000046 12363.160185000
000047 12363.460187000
000048 12363.460187000
000049 12363.460187000
000050 12363.626853000
000051 12363.626853000
000052 12363.626853000
000053 12363.793510000
000054 12363.993521000
000055 12363.993521000
000056 12363.993521000
000057 12363.993521000
000058 12363.993521000
000059 12364.060186000
000060 12364.060186000
000061 12364.060186000
000062 12364.326844000
000063 12364.326844000
000064 12364.326844000
000065 12364.526854000
000066 12364.526854000
000067 12364.593520000
000068 12364.593520000
000069 12364.593520000
000070 12364.860177000
000071 12364.860177000
000072 12364.860177000
000073 12364.960187000
000074 12364.960187000
000075 12364.960187000
000076 12365.126853000
000077 12365.126853000
000078 12365.126853000
000079 12365.393511000
000080 12365.393511000
000081 12365.393511000
000082 12365.593521000
000083 12365.593521000
000084 12365.593521000
000085 12365.660186000
000086 12365.660186000
000087 12365.660186000
000088 12365.926845000
000089 12365.926845000
000090 12366.093517000
000091 12366.093517000
000092 12366.093517000
000093 12366.093517000
000094 12366.293528000
000095 12366.460186000
000096 12366.460186000
000097 12366.460186000
000098 12366.460186000
000099 12366.626851000
000100 12366.626851000
000101 12366.626851000
000102 12366.626851000
000103 12366.826846000
000104 12366.826846000
000105 12366.993519000
000106 12366.993519000
000107 12366.993519000
000108 12367.160184000
000109 12367.160184000
000110 12367.160184000
000111 12367.360179000
000112 12367.360179000
000113 12367.360179000
000114 12367.426851000
000115 12367.426851000
000116 12367.426851000
000117 12367.726842000
000118 12367.726842000
000119 12367.726842000
000120 12367.893506000
000121 12367.893506000
000122 12367.893506000
000123 12368.093517000
000124 12368.093517000
000125 12368.093517000
000126 12368.260175000
000127 12368.260175000
000128 12368.426840000
000129 12368.426840000
000130 12368.426840000
000131 12368.426840000
000132 12368.626850000
000133 12368.626850000
000134 12368.626850000
000135 12368.826844000
000136 12368.826844000
000137 12368.826844000
000138 12368.993503000
000139 12368.993503000
000140 12368.993503000
000141 12369.060167000
000142 12369.060167000
000143 12369.060167000
000144 12369.360178000
000145 12369.360178000
000146 12369.426843000
000147 12369.426843000
000148 12369.426843000
000149 12369.726845000
000150 12369.726845000
000151 12369.726845000
000152 12369.893511000
000153 12369.893511000
000154 12369.893511000
000155 12370.060170000
000156 12370.060170000
000157 12370.060170000
000158 12370.226850000
000159 12370.426852000
000160 12370.426852000
000161 12370.426852000
000162 12370.426852000
000163 12370.593511000
000164 12370.593511000
000165 12370.593511000
000166 12370.760176000
000167 12370.760176000
000168 12370.760176000
000169 12370.960171000
000170 12370.960171000
000171 12370.960171000
000172 12371.026842000
000173 12371.026842000
000174 12371.226846000
000175 12371.226846000
000176 12371.226846000
000177 12371.393510000
000178 12371.393510000
000179 12371.393510000
000180 12371.693506000
000181 12371.693506000
000182 12371.693506000
000183 12371.860172000
000184 12372.026844000
000185 12372.026844000
000186 12372.026844000
000187 12372.026844000
000188 12372.226847000
000189 12372.226847000
000190 12372.226847000
000191 12372.393505000
000192 12372.560171000
000193 12372.560171000
000194 12372.560171000
000195 12372.560171000
000196 12372.560171000
000197 12372.726836000
000198 12372.726836000
000199 12372.726836000
000200 12372.926839000
000201 12372.926839000
000202 12372.926839000
000203 12373.026840000
000204 12373.026840000
000205 12373.026840000
000206 12373.193498000
000207 12373.193498000
000208 12373.360180000
000209 12373.360180000
000210 12373.360180000
000211 12373.526836000
000212 12373.526836000
000213 12373.526836000
000214 12373.860176000
000215 12373.860176000
000216 12373.860176000
000217 12374.026842000
000218 12374.026842000
000219 12374.026842000
000220 12374.193499000
000221 12374.193499000
000222 12374.193499000
000223 12374.393510000
000224 12374.393510000
000225 12374.560176000
000226 12374.560176000
000227 12374.560176000
000228 12374.726833000
000229 12374.726833000
000230 12374.726833000
000231 12374.926836000
000232 12374.926836000
000233 12374.926836000
000234 12375.093509000
000235 12375.093509000
000236 12375.093509000
000237 12375.260166000
000238 12375.260166000
000239 12375.260166000
000240 12375.460169000
000241 12375.460169000
000242 12375.460169000
000243 12375.626850000
000244 12375.626850000
000245 12375.826846000
000246 12375.826846000
000247 12375.826846000
000248 12375.993502000
000249 12375.993502000
000250 12375.993502000
000251 12376.060166000
000252 12376.060166000
000253 12376.360178000
000254 12376.360178000
000255 12376.360178000
000256 12376.360178000
000257 12376.526836000
000258 12376.693501000
000259 12376.693501000
000260 12376.693501000
000261 12376.693501000
000262 12376.693501000
000263 12376.893511000
000264 12376.893511000
000265 12376.893511000
000266 12377.060168000
000267 12377.060168000
000268 12377.060168000
000269 12377.160171000
000270 12377.160171000
000271 12377.160171000
000272 12377.326836000
000273 12377.326836000
000274 12377.326836000
000275 12377.493508000
000276 12377.693504000
000277 12377.693504000
000278 12377.693504000
000279 12377.693504000
000280 12377.960178000
000281 12377.960178000
000282 12377.960178000
000283 12378.160172000
000284 12378.160172000
000285 12378.326830000
000286 12378.326830000
000287 12378.326830000
000288 12378.326830000
000289 12378.526840000
000290 12378.526840000
000291 12378.526840000
000292 12378.593505000
000293 12378.593505000
000294 12378.593505000
000295 12378.793501000
000296 12378.793501000
000297 12379.060173000
000298 12379.060173000
000299 12379.226846000
000300 12379.226846000
000301 12379.226846000
000302 12379.226846000
000303 12379.326842000
000304 12379.326842000
000305 12379.326842000
000306 12379.593325000
000307 12379.593325000
000308 12379.593325000
000309 12379.759990000
000310 12379.759990000
000311 12379.759990000
000312 12379.959999000
000313 12379.959999000
000314 12379.959999000
000315 12380.126658000
000316 12380.126658000
000317 12380.193331000
000318 12380.193331000
000319 12380.193331000
000320 12380.493333000
000321 12380.493333000
000322 12380.493333000
000323 12380.659991000
000324 12380.659991000
000325 12380.659991000
000326 12380.859986000
000327 12381.026667000
000328 12381.026667000
000329 12381.026667000
000330 12381.026667000
000331 12381.026667000
000332 12381.193324000