Command: /home/vedant/.espressif/python_env/idf5.5_py3.10_env/bin/python /home/vedant/esp/esp-idf/tools/idf_monitor.py -p /dev/ttyUSB0 -b 115200 --toolchain-prefix xtensa-esp32-elf- --target esp32 --revision 0 /home/vedant/Bidex_Hand_Project/eog_bioamp/build/eog_bioamp.elf /home/vedant/Bidex_Hand_Project/eog_bioamp/build/bootloader/bootloader.elf -m '/home/vedant/.espressif/python_env/idf5.5_py3.10_env/bin/python' '/home/vedant/esp/esp-idf/tools/idf.py'
ets Jul 29 2019 12:21:46

rst:0x1 (POWERON_RESET),boot:0x13 (SPI_FAST_FLASH_BOOT)
configsip: 0, SPIWP:0xee
clk_drv:0x00,q_drv:0x00,d_drv:0x00,cs0_drv:0x00,hd_drv:0x00,wp_drv:0x00
mode:DIO, clock div:2
load:0x3fff0030,len:6380
ho 0 tail 12 room 4
load:0x40078000,len:15916
load:0x40080400,len:3860
entry 0x40080638
[0;32mI (29) boot: ESP-IDF v5.5 2nd stage bootloader[0m
[0;32mI (29) boot: compile time Jan 13 2026 13:56:03[0m
[0;32mI (29) boot: Multicore bootloader[0m
[0;32mI (30) boot: chip revision: v3.1[0m
[0;32mI (33) boot.esp32: SPI Speed      : 40MHz[0m
[0;32mI (37) boot.esp32: SPI Mode       : DIO[0m
[0;32mI (40) boot.esp32: SPI Flash Size : 2MB[0m
[0;32mI (44) boot: Enabling RNG early entropy source...[0m
[0;32mI (49) boot: Partition Table:[0m
[0;32mI (51) boot: ## Label            Usage          Type ST Offset   Length[0m
[0;32mI (57) boot:  0 nvs              WiFi data        01 02 00009000 00006000[0m
[0;32mI (64) boot:  1 phy_init         RF data          01 01 0000f000 00001000[0m
[0;32mI (71) boot:  2 factory          factory app      00 00 00010000 00100000[0m
[0;32mI (77) boot: End of partition table[0m
[0;32mI (80) esp_image: segment 0: paddr=00010020 vaddr=3f400020 size=0c300h ( 49920) map[0m
[0;32mI (105) esp_image: segment 1: paddr=0001c328 vaddr=3ff80000 size=00020h (    32) load[0m
[0;32mI (105) esp_image: segment 2: paddr=0001c350 vaddr=3ffb0000 size=03178h ( 12664) load[0m
[0;32mI (114) esp_image: segment 3: paddr=0001f4d0 vaddr=40080000 size=00b48h (  2888) load[0m
[0;32mI (118) esp_image: segment 4: paddr=00020020 vaddr=400d0020 size=279c8h (162248) map[0m
[0;32mI (179) esp_image: segment 5: paddr=000479f0 vaddr=40080b48 size=1042ch ( 66604) load[0m
[0;32mI (214) boot: Loaded app from partition at offset 0x10000[0m
[0;32mI (214) boot: Disabling RNG early entropy source...[0m
[0;32mI (224) cpu_start: Multicore app[0m
[0;32mI (233) cpu_start: Pro cpu start user code[0m
[0;32mI (233) cpu_start: cpu freq: 160000000 Hz[0m
[0;32mI (233) app_init: Application information:[0m
[0;32mI (233) app_init: Project name:     eog_bioamp[0m
[0;32mI (237) app_init: App version:      1[0m
[0;32mI (240) app_init: Compile time:     Jan 13 2026 13:55:47[0m
[0;32mI (245) app_init: ELF file SHA256:  983488a9c...[0m
[0;32mI (250) app_init: ESP-IDF:          v5.5[0m
[0;32mI (253) efuse_init: Min chip rev:     v0.0[0m
[0;32mI (257) efuse_init: Max chip rev:     v3.99 [0m
[0;32mI (261) efuse_init: Chip rev:         v3.1[0m
[0;32mI (265) heap_init: Initializing. RAM available for dynamic allocation:[0m
[0;32mI (271) heap_init: At 3FFAE6E0 len 00001920 (6 KiB): DRAM[0m
[0;32mI (276) heap_init: At 3FFB61F8 len 00029E08 (167 KiB): DRAM[0m
[0;32mI (282) heap_init: At 3FFE0440 len 00003AE0 (14 KiB): D/IRAM[0m
[0;32mI (287) heap_init: At 3FFE4350 len 0001BCB0 (111 KiB): D/IRAM[0m
[0;32mI (293) heap_init: At 40090F74 len 0000F08C (60 KiB): IRAM[0m
[0;33mW (299) spi_flash: boya detected but related driver is not linked, please check option `SPI_FLASH_SUPPORT_BOYA_CHIP`[0m
[0;32mI (308) spi_flash: detected chip: generic[0m
[0;32mI (312) spi_flash: flash io: dio[0m
[0;33mW (315) spi_flash: Detected size(4096k) larger than the size in the binary image header(2048k). Using the size in the binary image header.[0m
[0;33mW (327) ADC: legacy driver is deprecated, please migrate to `esp_adc/adc_oneshot.h`[0m
[0;32mI (335) main_task: Started on CPU0[0m
[0;32mI (345) main_task: Calling app_main()[0m
ESP32 EOG Blink Detection Started (GPIO34)
-0.014160,0
-0.120153,0
-0.295043,0
-0.285074,0
-0.112477,0
-0.101684,0
-0.184309,0
-0.139737,0
-0.058401,0
-0.051206,0
-0.072230,0
-0.044559,0
-0.011753,0
-0.018533,0
-0.009021,0
0.003940,0
0.022700,0
0.066849,0
0.082981,0
0.051292,0
0.015408,0
0.045582,0
0.090363,0
0.082054,0
0.070774,0
0.050655,0
0.042873,0
0.081396,0
0.104544,0
0.068922,0
0.000250,0
0.008297,0
0.075012,0
0.092453,0
0.112797,0
0.131344,0
0.106644,0
0.075298,0
0.041279,0
0.017090,0
0.026657,0
0.104736,0
0.151417,0
0.065598,0
0.026512,0
0.098866,0
0.155560,0
0.161064,0
0.119812,0
0.051033,0
-0.035357,0
-0.055220,0
0.036478,0
0.089327,0
0.071224,0
0.043472,0
0.012037,0
0.009918,0
0.032532,0
0.075233,0
0.068623,0
-0.012026,0
-0.005386,0
0.067305,0
0.079766,0
0.046973,0
0.005279,0
-0.007728,0
-0.001408,0
0.010534,0
-0.015583,0
-0.100915,0
-0.100308,0
-0.007047,0
0.049645,0
0.055851,0
0.007708,0
-0.100739,0
-0.174543,0
-0.092504,0
0.031386,0
0.040857,0
0.055764,0
0.093387,0
0.032128,0
-0.059382,0
-0.081287,0
-0.072454,0
-0.116579,0
-0.129025,0
-0.043924,0
-0.011635,0
-0.015762,0
0.037075,0
0.044357,0
-0.036919,0
-0.107061,0
-0.107044,0
-0.113153,0
-0.138931,0
-0.126778,0
-0.126890,0
-0.104517,0
-0.012915,0
0.041449,0
0.023939,0
-0.001160,0
-0.043110,0
-0.143251,0
-0.180523,0
-0.073221,0
0.031132,0
0.079634,0
0.108488,0
0.102762,0
0.074751,0
0.017851,0
-0.060526,0
-0.146099,0
-0.181612,0
-0.110252,0
-0.035883,0
0.017319,0
0.106453,0
0.147766,0
0.106525,0
0.058798,0
-0.005573,0
-0.144030,0
-0.212679,0
-0.090433,0
0.030338,0
0.036577,0
0.025135,0
0.016378,0
-0.046597,0
-0.125671,0
-0.100965,0
-0.050472,0
-0.069176,0
-0.006418,0
0.132000,0
0.170730,0
0.112468,0
0.046490,0
-0.033768,0
-0.132090,0
-0.113700,0
-0.020924,0
-0.040880,0
-0.027652,0
0.130635,0
0.210049,0
0.124856,0
0.000599,0
-0.106313,0
-0.174880,0
-0.123256,0
0.007612,0
0.073160,0
0.109836,0
0.169655,0
0.177860,0
0.130982,0
0.061083,0
-0.048711,0
-0.163140,0
-0.139956,0
0.012141,0
0.088264,0
0.086230,0
0.090837,0
0.063695,0
0.022245,0
-0.015333,0
-0.086507,0
-0.180448,0
-0.189208,0
-0.080349,0
0.008467,0
0.075196,0
0.168907,0
0.166401,0
0.075592,0
0.005991,0
-0.111809,0
-0.254413,0
-0.171252,0
0.086828,0
0.178761,0
0.137588,0
0.187236,0
0.222812,0
0.052257,0
-0.179153,0
-0.170290,0
-0.038416,0
-0.022151,0
0.048447,0
0.220877,0
0.246809,0
0.116670,0
0.018332,0
-0.056667,0
-0.197718,0
-0.239005,0
-0.111755,0
-0.011191,0
0.075399,0
0.186942,0
0.171554,0
0.028317,0
-0.114391,0
-0.213370,0
-0.257443,0
-0.175202,0
0.015799,0
0.170902,0
0.250699,0
0.256169,0
0.153480,0
-0.023628,0
-0.191557,0
-0.220594,0
-0.114124,0
-0.017510,0
0.057740,0
0.134625,0
0.180917,0
0.153285,0
0.007884,0
-0.152784,0
-0.208498,0
-0.153940,0
-0.032838,0
0.061445,0
0.112706,0
0.108838,0
0.031015,0
-0.014614,0
-0.033305,0
-0.090916,0
-0.138408,0
-0.123685,0
-0.045995,0
0.015628,0
0.060061,0
0.134460,0
0.130993,0
0.002131,0
-0.111919,0
-0.098651,0
-0.044112,0
-0.019856,0
0.072691,0
0.171505,0
0.152198,0
0.100013,0
0.066054,0
-0.026107,0
-0.170556,0
-0.180502,0
-0.041436,0
0.023049,0
0.039892,0
0.109113,0
0.119517,0
0.017975,0
-0.096616,0
-0.135881,0
-0.147051,0
-0.138148,0
-0.069375,0
0.000388,0
0.065983,0
0.085824,0
-0.006817,0
-0.113786,0
-0.139777,0
-0.115121,0
-0.111864,0
-0.069906,0
0.037262,0
0.058072,0
0.041216,0
0.115229,0
0.185153,0
0.124573,0
-0.020885,0
-0.072794,0
-0.047179,0
-0.060858,0
-0.064763,0
-0.012481,0
0.078304,0
0.100326,0
0.044014,0
0.061892,0
0.097715,0
0.031865,0
-0.090081,0
-0.123825,0
-0.024757,0
-0.004062,0
-0.071259,0
-0.038478,0
0.020343,0
-0.011009,0
-0.075850,0
-0.041753,0
0.031640,0
-0.008343,0
-0.010570,0
0.093003,0
0.120268,0
0.055440,0
-0.008886,0
-0.070233,0
-0.131788,0
-0.078692,0
0.045134,0
0.031293,0
-0.016280,0
0.069332,0
0.164436,0
0.121769,0
0.000013,0
-0.053495,0
-0.048965,0
-0.001611,0
0.095259,0
0.127270,0
0.113475,0
0.103384,0
0.046243,0
-0.025021,0
-0.058623,0
-0.039092,0
-0.009655,0
0.020180,0
0.053487,0
0.013187,0
-0.022361,0
0.016997,0
0.051242,0
0.051938,0
0.003846,0
-0.053428,0
-0.074124,0
-0.053726,0
-0.012498,0
-0.019586,0
-0.022089,0
-0.014756,0
-0.069833,0
-0.086142,0
0.003577,0
0.075661,0
0.021531,0
-0.007936,0
0.046416,0
-0.016565,0
-0.074747,0
0.035031,0
0.088708,0
-0.013575,0
-0.051495,0
0.054171,0
0.084650,0
0.025728,0
0.017686,0
0.002077,0
-0.013651,0
0.032207,0
0.102826,0
0.111994,0
0.028202,0
-0.057487,0
-0.108885,0
-0.085489,0
-0.010971,0
-0.003508,0
0.015352,0
0.047644,0
-0.034357,0
-0.151976,0
-0.130149,0
0.012567,0
0.042997,0
-0.048255,0
-0.097182,0
-0.095251,0
-0.019375,0
0.093086,0
0.115915,0
0.020471,0
-0.075859,0
-0.051578,0
0.010469,0
0.041604,0
0.010302,0
-0.085748,0
-0.083379,0
-0.026671,0
-0.039206,0
-0.029109,0
0.011225,0
0.010918,0
0.018331,0
0.074037,0
0.021339,0
-0.120158,0
-0.069019,0
0.036382,0
-0.054506,0
-0.120226,0
0.007152,0
0.095973,0
0.000095,0
-0.065385,0
-0.024228,0
0.005554,0
0.061002,0
0.127179,0
0.126773,0
0.067587,0
-0.016338,0
-0.082036,0
-0.076186,0
-0.009226,0
0.002749,0
0.000108,0
0.051366,0
0.046312,0
0.006238,0
-0.013095,0
-0.027036,0
-0.021712,0
0.005293,0
0.050503,0
0.041260,0
0.018365,0
0.044443,0
0.023630,0
0.001536,0
0.001779,0
-0.038540,0
-0.051074,0
-0.021455,0
-0.014426,0
-0.013242,0
0.080221,0
0.163522,0
0.069560,0
-0.012311,0
0.048012,0
0.088039,0
0.012153,0
-0.067899,0
-0.028189,0
0.029464,0
0.063005,0
0.104189,0
0.049674,0
-0.064192,0
-0.124390,0
-0.080901,0
0.036903,0
0.103134,0
0.086579,0
0.022781,0
0.005195,0
0.057659,0
0.053421,0
0.000422,0
-0.055446,0
-0.100533,0
-0.094172,0
-0.061711,0
-0.030719,0
-0.003460,0
0.043797,0
0.045781,0
-0.042746,0
-0.070775,0
-0.029301,0
-0.015980,0
-0.007444,0
0.006480,0
0.009270,0
0.010184,0
0.022896,0
0.003251,0
-0.030020,0
-0.041070,0
-0.104259,0
-0.111366,0
0.022331,0
0.093209,0
0.003103,0
-0.081969,0
-0.019307,0
0.051491,0
0.042402,0
0.059529,0
0.064695,0
0.038499,0
0.035317,0
0.043458,0
0.014638,0
-0.071152,0
-0.088367,0
0.013455,0
0.111043,0
0.085118,0
-0.021619,0
-0.024516,0
0.036804,0
0.042332,0
0.039660,0
0.016521,0
-0.059366,0
-0.106080,0
-0.037077,0
0.001025,0
-0.089902,0
-0.077361,0
0.005548,0
-0.060151,0
-0.136694,0
-0.044083,0
0.111802,0
0.138564,0
0.063242,0
-0.054708,0
-0.176963,0
-0.140520,0
-0.029293,0
-0.054575,0
-0.149073,0
-0.125432,0
0.023942,0
0.118610,0
0.106904,0
0.031979,0
-0.043598,0
-0.018454,0
0.008026,0
-0.035962,0
-0.057734,0
-0.024980,0
0.021802,0
0.011271,0
0.020228,0
0.082685,0
0.078768,0
0.063281,0
0.048169,0
-0.042492,0
-0.119866,0
-0.069539,0
0.066494,0
0.099744,0
0.030362,0
0.003595,0
0.021882,0
0.061544,0
0.038056,0
-0.067645,0
-0.079496,0
0.035244,0
0.095809,0
0.059174,0
0.109378,0
0.165233,0
0.006634,0
-0.114024,0
-0.037118,0
-0.051091,0
-0.147436,0
-0.018034,0
0.208818,0
0.113033,0
-0.120636,0
-0.059237,0
0.041800,0
-0.087897,0
-0.176343,0
-0.055248,0
0.113706,0
0.185761,0
0.231197,1
0.230260,0
0.035599,0
-0.182490,0
-0.217570,0
-0.176320,0
-0.121279,0
0.032543,0
0.203015,0
0.188714,0
0.083106,0
0.060143,0
-0.022104,0
-0.201513,0
-0.270776,0
-0.184038,0
-0.053961,0
0.061815,0
0.147093,0
0.114386,0
-0.003767,0
-0.026456,0
-0.030970,0
-0.162038,0
-0.254266,0
-0.159217,0
0.024864,0
0.212602,1
0.365525,1
0.296599,0
0.013639,0
-0.149905,0
-0.152517,0
-0.182050,0
-0.201745,0
-0.140247,0
-0.044668,0
0.090020,0
0.279143,1
0.349408,1
0.211402,0
0.046636,0
-0.092507,0
-0.260265,0
-0.330184,0
-0.230643,0
-0.069031,0
0.135254,0
0.369286,0
0.391922,1
0.104668,0
-0.195772,0
-0.283219,0
-0.243398,0
-0.189038,0
-0.067792,0
0.153522,0
0.321973,0
0.336765,0
0.213474,0
-0.039480,0
-0.271334,0
-0.314863,0
-0.257768,0
-0.191811,0
-0.017175,0
0.251440,0
0.386073,0
0.299778,0
0.131881,0
-0.056305,0
-0.281194,0
-0.412286,0
-0.327547,0
-0.111718,0
0.113237,0
0.303325,0
0.417002,0
0.387349,0
0.157521,0
-0.143736,0
-0.263841,0
-0.239942,0
-0.248141,0
-0.200265,0
0.008280,0
0.264785,0
0.435795,1
0.440495,1
0.237309,0
-0.052055,0
-0.236860,0
-0.301478,0
-0.305620,0
-0.201359,0
0.024522,0
0.232677,0
0.324087,0
0.327594,0
0.213511,0
-0.034610,0
-0.238868,0
-0.289045,0
-0.289556,0
-0.274516,0
-0.149503,0
0.097533,0
0.337281,1
0.441875,1
0.376705,0
0.142662,0
-0.164820,0
-0.356171,0
-0.395097,0
-0.361934,0
-0.231805,0
0.006921,0
0.247836,0
0.408131,0
0.427727,1
0.208442,0
-0.157162,0
-0.348271,0
-0.302749,0
-0.295400,0
-0.366085,0
-0.249576,0
0.095669,0
0.380568,1
0.411270,1
0.294683,0
0.134617,0
-0.121988,0
-0.392300,0
-0.475827,0
-0.364541,0
-0.176700,0
0.015928,0
0.208434,0
0.402426,1
0.459760,1
0.239662,0
-0.075347,0
-0.203960,0
-0.203609,0
-0.250978,0
-0.278985,0
-0.157544,0
0.071655,0
0.289610,0
0.401789,1
0.314256,0
0.028690,0
-0.254895,0
-0.347013,0
-0.296220,0
-0.250021,0
-0.185440,0
0.012860,0
0.277080,0
0.436004,1
0.397152,0
0.153751,0
-0.161983,0
-0.351265,0
-0.354430,0
-0.269245,0
-0.169189,0
-0.030390,0
0.153315,0
0.338394,0
0.423946,1
0.283031,0
-0.035145,0
-0.281321,0
-0.311176,0
-0.225348,0
-0.141905,0
-0.060165,0
0.070379,0
0.258108,0
0.418268,1
0.417759,1
0.165588,0
-0.193916,0
-0.333574,0
-0.223207,0
-0.116262,0
-0.075991,0
0.007505,0
0.191166,0
0.425631,1
0.502747,1
0.253994,0
-0.095198,0
-0.199661,0
-0.146389,0
-0.160322,0
-0.172861,0
-0.096876,0
-0.002125,0
0.101465,0
0.289404,1
0.428232,1
0.264456,0
-0.076986,0
-0.228556,0
-0.138601,0
-0.044916,0
-0.066309,0
-0.121410,0
-0.105188,0
0.023693,0
0.211586,1
0.297800,1
0.172009,0
-0.016874,0
-0.080072,0
-0.068079,0
-0.068304,0
-0.077744,0
-0.061863,0
0.041460,0
0.203566,0
0.279945,1
0.175030,0
-0.036610,0
-0.161572,0
-0.122219,0
-0.048964,0
-0.055702,0
-0.075998,0
0.004252,0
0.150387,0
0.217277,1
0.136025,0
-0.032088,0
-0.149336,0
-0.124487,0
-0.043361,0
-0.040960,0
-0.094637,0
-0.105200,0
-0.042233,0
0.067085,0
0.123203,0
0.041109,0
-0.059493,0
-0.060778,0
-0.048479,0
-0.051463,0
-0.032134,0
-0.032319,0
-0.029193,0
0.023074,0
0.069510,0
0.037759,0
-0.043613,0
-0.067896,0
-0.048528,0
-0.051332,0
-0.048003,0
-0.033617,0
0.007520,0
0.070027,0
0.051038,0
-0.038286,0
-0.064305,0
-0.005000,0
0.008875,0
-0.051968,0
-0.051317,0
0.026529,0
0.081570,0
0.048914,0
-0.034212,0
-0.046279,0
0.016111,0
0.078055,0
0.094934,0
0.055046,0
0.011845,0
0.004546,0
0.013211,0
-0.012197,0
-0.034554,0
0.008580,0
0.056861,0
0.081748,0
0.074444,0
0.006462,0
-0.075068,0
-0.101173,0
-0.054916,0
-0.014790,0
0.017096,0
0.063305,0
0.003786,0
-0.103830,0
-0.096708,0
-0.027496,0
-0.010111,0
-0.039366,0
-0.053885,0
-0.065830,0
-0.055611,0
-0.022774,0
-0.050381,0
-0.069313,0
-0.031338,0
-0.012573,0
-0.025549,0
-0.056070,0
-0.068317,0
-0.043447,0
0.016182,0
0.060038,0
0.016903,0
-0.026724,0
-0.019606,0
-0.014120,0
-0.020615,0
-0.038887,0
-0.051159,0
-0.051600,0
-0.011436,0
0.025179,0
-0.015713,0
-0.003351,0
0.094975,0
0.130730,0
0.085262,0
0.025967,0
-0.037828,0
-0.100590,0
-0.086639,0
-0.035349,0
-0.036856,0
-0.010605,0
0.055283,0
0.062901,0
0.002379,0
-0.057801,0
-0.078895,0
-0.089438,0
-0.077240,0
-0.045077,0
-0.021438,0
-0.009868,0
-0.033272,0
-0.029489,0
0.037799,0
0.087101,0
0.057609,0
-0.033428,0
-0.074419,0
-0.051920,0
-0.035422,0
-0.008565,0
0.015438,0
0.020384,0
0.029643,0
0.060632,0
0.078539,0
0.037595,0
0.001182,0
-0.013228,0
-0.010128,0
0.038305,0
0.062785,0
0.060969,0
0.080144,0
0.102772,0
0.092147,0
0.022498,0
-0.049143,0
-0.068041,0
-0.010771,0
0.044366,0
-0.021621,0
-0.047215,0
0.084123,0
0.182648,0
0.123566,0
-0.025779,0
-0.128919,0
-0.117632,0
-0.017451,0
0.053275,0
-0.002223,0
-0.043838,0
0.029241,0
0.088615,0
0.054461,0
-0.008817,0
-0.039529,0
-0.028002,0
0.047462,0
0.074079,0
-0.026637,0
-0.019833,0
0.133862,0
0.193757,0
0.147337,0
0.088792,0
-0.016727,0
-0.126047,0
-0.089780,0
-0.028055,0
-0.104725,0
-0.122251,0
0.011410,0
0.115303,0
0.108844,0
0.060675,0
0.022820,0
-0.036101,0
-0.102887,0
-0.136500,0
-0.113746,0
-0.026487,0
0.037817,0
0.054826,0
0.095966,0
0.152036,0
0.130101,0
-0.013931,0
-0.153920,0
-0.164683,0
-0.068519,0
0.016438,0
0.003392,0
0.001103,0
0.042918,0
0.013034,0
-0.022733,0
-0.001256,0
-0.020566,0
-0.095736,0
-0.107978,0
-0.039990,0
-0.003788,0
0.030441,0
0.094330,0
0.077450,0
0.008006,0
-0.008329,0
-0.022562,0
-0.107393,0
-0.142683,0
-0.031195,0
0.094553,0
0.164476,0
0.192661,0
0.115382,0
-0.030834,0
-0.089108,0
-0.056804,0
-0.090131,0
-0.129009,0
-0.055339,0
0.000070,0
0.040701,0
0.139679,0
0.140163,0
0.012595,0
-0.078140,0
-0.110139,0
-0.145603,0
-0.122201,0
-0.070295,0
-0.096944,0
-0.057546,0
0.112491,0
0.190446,1
0.082696,0
-0.063918,0
-0.129814,0
-0.138224,0
-0.090000,0
-0.027563,0
-0.050550,0
-0.055805,0
0.038104,0
0.105676,0
0.081453,0
0.037872,0
0.027467,0
0.004180,0
-0.071851,0
-0.165965,0
-0.148381,0
0.023555,0
0.129096,0
0.093450,0
0.096972,0
0.129758,0
0.036983,0
-0.110095,0
-0.126432,0
-0.083500,0
-0.074697,0
-0.012385,0
0.065312,0
0.101816,0
0.147001,0
0.163949,0
0.090827,0
-0.030078,0
-0.115958,0
-0.149883,0
-0.106196,0
0.015758,0
0.098650,0
0.121365,0
0.163465,0
0.209863,0
0.155885,0
-0.015393,0
-0.134898,0
-0.109893,0
-0.012618,0
0.051514,0
0.030658,0
0.051847,0
0.158248,0
0.176560,0
0.057102,0
-0.068437,0
-0.115803,0
-0.130677,0
-0.091110,0
0.014085,0
0.039643,0
0.023424,0
0.103960,0
0.199789,0
0.180499,0
0.041200,0
-0.132290,0
-0.214719,0
-0.091242,0
0.068814,0
-0.000630,0
-0.086116,0
0.044563,0
0.183655,0
0.147567,0
-0.014534,0
-0.175453,0
-0.238663,0
-0.154040,0
-0.023495,0
-0.030732,0
-0.065952,0
0.033002,0
0.138403,0
0.098544,0
-0.053042,0
-0.154142,0
-0.135966,0
-0.051749,0
0.022238,0
0.031617,0
0.034916,0
0.041562,0
0.025547,0
0.028686,0
0.005021,0
-0.079893,0
-0.139802,0
-0.076152,0
0.031713,0
0.039155,0
0.048512,0
0.115939,0
0.107350,0
0.008627,0
-0.080996,0
-0.103657,0
-0.095291,0
-0.044458,0
0.017177,0
-0.021420,0
-0.012914,0
0.121377,0
0.152567,0
0.021097,0
-0.087229,0
-0.074557,0
-0.062968,0
-0.081303,0
-0.018610,0
0.059601,0
0.070446,0
0.061549,0
0.092870,0
0.120948,0
0.048649,0
-0.066957,0
-0.137811,0
-0.116848,0
-0.006757,0
0.057628,0
0.050877,0
0.060310,0
0.112319,0
0.133269,0
0.021417,0
-0.118703,0
-0.153446,0
-0.082880,0
0.031320,0
0.054120,0
0.000243,0
-0.036310,0
-0.050410,0
-0.024666,0
0.018657,0
0.022806,0
-0.065907,0
-0.140616,0
-0.063878,0
-0.001757,0
-0.009851,0
0.047827,0
0.095122,0
0.028650,0
-0.070259,0
-0.117275,0
-0.168138,0
-0.167266,0
-0.006385,0
0.149681,0
0.168802,0
0.111604,0
0.026835,0
-0.058677,0
-0.082612,0
-0.018342,0
-0.012499,0
-0.106239,0
-0.120488,0
-0.009640,0
0.101626,0
0.103697,0
0.049126,0
0.037158,0
0.059475,0
0.077325,0
0.030681,0
-.057601,0
-0.103219,0
-0.071056,0
.5,0
0.070333,0
0.069184,0
0.061587,0
0.018516,0
-0.007809,0
0.019878,0
0.033117,0
0-0.014521,0
0.088121,0
0.091239,0
0.027010,0
0.025569,0
-14170,0
-0088189,0
00.035368,0
-0.025631,0
-0.109265,0
-0.053777,0
-0.010364,0
-0.001421,0
00.042826,0
0.007596,0
.,0
0.-0.117797,0
0.013052,0
0.140751,0
0.040428,0
0
0.0
0.056257,0
0.052745,0
0.061486,0
012831,0
013192,0
0.090971,0
0.155129,0
0.053108,0
-.063433,0
-032299,0
073,0
0.08659,0
0-0.004056,0
0-0.001812,0
0.053296,0
0.042946,0
0018282,0
0.018069,0
-0.023650,0
-0.055114,0
-049,0
-0.,0
-0.-0.033803,0
-0.019594,0
-003848,0
-19,0
-0.069911,0
-0.038216,0
0.004982,0
00
-0.071764,0
-0.029329,0

.0.067571,0
0.039130,0
3-0.018317,0
-0.027159,0
0.020829,0
-0829,0
0.051509,0
0.171036,0
.97,0
0.7162,0
.540,0
.1
-0.074320,0
-0.111708,0
-0.126058,0
-2577,0
-0.-0.096420,0
03998,0
50.195822,0
0.206110,0
0.232590,0
.0.179983,0
0.043013,0
-52346,0
-00271020,0
059,0
0.22,0
0.-0.391294,0
-0.281210,0
00.021515,0
0.231367,0
0.383045,0
.-0.080425,0
--0.264040,0
10.017589,0
0.037951,0
-0.019930,0
-019701,0
0.151101,0
0.280646,1
0.087989,0
-82,0
-0.285,0
-088405,0
0.001883,0
-0.009526,0
-0.034449,0
-1973,0
0.059777,0
0.107146,0
-0.002317,0
092,0
-0.104878,0
-0.033153,0
-0.042258,0
07605,0
-06635,0
-0.053420,0
0.120489,0
0.042470,0
0448,0
0.-0.003343,0
0.072366,0
0.046091,0
0,0
0.0.067661,0
0.132198,0
0.104124,0
035,0
0.790,0
0.3501,0
0052740,0
.63,0
-041971,0
-0.040592,0
0.061880,0
0.102730,0
.
-0.18889,0
-0.086096,0
00
-0.108583,0
-0.097615,0
05909,0
.10.020151,0
0003907,0
0.103907,0
0.152015,0
0.077379,0
--0.093805,0
-0.120784,0
-0.083065,0
014617,0
054270,0
0082434,0
0.152606,0
0.124473,0
-0.020050,0
0
-0.042825,0
-0.026525,0
-0.052029,0
00.166608,0
0.212568,1
0.104237,0
08633,0
-60193,0
-0.166363,0
-0.052044,0
0.074104,0
029492,0
-0.022532,0
0.092407,0
0.176225,0
0089060,0
-0.060957,0
-0.162689,0
-0.182708,0
-018,0
0.0.46,0
0153409,0
0064682,0
--0.003605,0
0.073870,0
0.065711,0
010.040023,0
-0.105810,0
.-0.220233,0
-0.136462,0
0.007949,0
.-0.140160,0
04,0
.06,0
.5,0
0.729,0
0.076995,0
0.105919,0
0.028684,0
01990,0
0077303,0
-0.075467,0
-0.080285,0
-0.022711,0
00.048235,0
0.036011,0
-0.000513,0
.0.080311,0
0.102513,0
0.024504,0
-78055,0
-0.010259,0
0.075019,0
0-0.054645,0
-0.127965,0
-0.087180,0
0-0.018321,0
0.003451,0
-0.003970,0
30
.1,0
0.-0.009810,0
.0.051030,0
0.002694,0
-082800,0
-1647,0
0.00.053140,0
0.090243,0
-9,0
-0.0
0.00,0
0.3,0
0.0-0.036677,0
-0.038818,0
-0.027391,0
077,0
0.01
0.0
0.01
0.1,0
.026-0.054322,0
-0.032130,0
-0.062160,0
-997,0
0.,0
0.048197,0
0.026304,0
0.006967,0
01,0
-0.07,0
-02084,0
-0464,0
-0.05,0
-0.033200,0
0.042126,0
0.022509,0
-.020366,0
--0.018520,0
.0.092564,0
0.092198,0
-0.030064,0
-.075909,0
0940,0
045,0
-0.078779,0
0.013871,0
0.118243,0
0.092384,0
040,0
0.004,0
0.016327,0
-0.011770,0
0.011322,0
-0.000897,0
00
-0.020,0
0.017112,0
0.025401,0
0.019185,0
032250,0
0014858,0
0022942,0
0.044348,0
-0.005544,0
-0.110511,0
-0.146643,0
0305,0
0.043435,0
0.046513,0
0.004815,0
02,0
0.060.027597,0
.
-0.020113,0
-0.037902,0
0.060998,0
.
-0.089317,0
-0.096559,0
0.024236,0
03705,0
-00.113303,0
-0.021663,0
.0
129-0.003633,0
-0.193567,0
-2,0
8550.110415,0
0.140602,0
0.051869,0
0.163804,0
1-0.069716,0
-0.180851,0
0-0.149462,0
0.039144,0
.-0.210452,0
-0.016494,0
0156118,0
0282547,0
05362,1
0.0.314749,1
0.468739,1
40.109757,0
-0.198791,0
00
-0.541,0
0.,0
-07949,0
0.015999,0
0.277932,0
0.488249,1
40.287552,0
0.022775,0
-0.197598,0
-0166,0
.22-0.047974,0
-0.264471,0
-0.385015,0
0-0.380435,0
-0.185038,0
0.106392,0
0372478,0
00.322115,0
0.013893,0
-0.245029,0
0-0.461402,0
-0.436283,0
-0.258406,0
--0.056753,0
0.099197,0
0650,0
0.176,1
0202,0
0.10992,0
-11248,0
-06050,0
-0-0.111910,0
-0.056995,0
0.007910,0
03515,0
0.492395,1
0.429871,0
0.107204,0
-190273,0
099,0
-06028,0
-191259,0
-086863,0
05582,0
.37,0
0.560476,1
0.400814,0
-0.040915,0
-73018,0
-0.223547,0
-0.197104,0
-0.215120,0
-0.138065,0
0031212,0
0242258,0
0.429085,1
0.404322,1
0.108702,0
-0.162235,0
--.033410,0
-0.111051,0
-0.210414,0
-.108857,0
0,0
0.310.205513,0
-0.050538,0
-0.164153,0
-68499,0
.0942,0
0
0.10,0
-0086853,0
0.060672,0
0.220258,1
0.205911,1
0013623,0
-137563,0
-.091833,0
0.014395,0
0.009938,0
-0.062481,0
-095571,0
-0.053786,0
0.040048,0
0.142627,0
0-0.014913,0
-0.122272,0
-,0
0.100,0
0.087612,0
-0.033861,0
-0.071399,0
-257,0
0.0-0.058487,0
0.002254,0
00.127524,0
.-0.088712,0
-0.114544,0
0
0.008828,0
0.117800,0
0.087850,0
06,0
.00.222026,1
0.137222,0
0-0.086276,0
-0.105767,0
60.017212,0
-0.049782,0
0.074502,0
0.215562,1
.0.013298,0
-0.063328,0
0
-0.6,0
-0.0-0.090920,0
-0.081201,0
0.049227,0
468,0
0.136248,0
0.027448,0
-0.097777,0
-207,0
-0.082705,0
-0.071296,0
-0.110558,0
-058517,0
01006,0
0.0.079759,0
0.110087,0
0.029078,0
-.102765,0
-558,0
0.1,0
0.593,0
043754,0
.72,0
0.077332,0
0.135022,0
0.174442,0
.0077360,0
.-0.056666,0
0.012857,0
0.037485,0
0.125395,0
0.192461,1
0-0.029168,0
0.028479,0
0.081562,0
057252,0
0.003284,0
-0.050684,0
-0.127810,0
-0.112961,0
0-0.029082,0
0.036117,0
0185,0
0.042450,0
-0.003245,0
00.002035,0
-0.056671,0
--0.038123,0
0-0.029286,0
0.031177,0
0021409,0
0789,0
0.2816,0
011569,0
0.015067,0
-0.014726,0
-0.075570,0
-082445,0
00116,0
-0-0.114639,0
-0.085765,0
0.068663,0
08540,0
-012610,0
-062236,0
-040277,0
-070954,0
031,0
.09,0
-0.100706,0
-0.139115,0
0.019950,0
08288,0
0.-0.043134,0
.0.059472,0
-0.053271,0
--0.017320,0
-0.024044,0
-0.045758,0
0947,0
0.0-0.010349,0
-093023,0
09269,1
0.0.068806,0
0.034708,0
0.065416,0
-1563,0
-0.309062,0
-0.253422,0
-0.056943,0
00.130305,0
0.140294,0
00.186093,0
0.387576,1
0.366139,1
1-0.040948,0
-0.065504,0
-0.196927,0
-6338,0
-04729,0
-0-0.331201,0
-0.366843,0
3-0.274646,0
-0.110414,0
0.167812,0
02619,1
05,1
0.21,0
-0.0
-0.313
-0.390209,0
-0.375968,0
-0.250803,0
025,0
.00.265077,0
0.553931,1
0.485579,1
04,0
-0.-0.067656,0
-.335807,0
-0.378642,0
073919,0
-0.160423,0
0.019164,0
0.315065,0
.
0.39.0.271514,0
-0.085494,0
-534,0
0.33-3231,0
-0.-0.233156,0
-0.177668,0
-0.127204,0
.0.313867,0
0.402026,1
9-0.038521,0
-0.163840,0
-71229,0
-065184,0
--0.037257,0
09,0
0.63,0
.32,0
0.262697,1
0.426572,1
0.240081,0
-.138403,0
-0.242880,0
-0.032424,0
0.068646,0
-0.061213,0
02,0
0.070093,0
0.335238,0
0.437449,1
07123,0
-04528,0
-0,0
0.120.009298,0
-0.020718,0
-0.086756,0
0
0.071,0
0.1
0.287,1
0.150574,0
-0.153082,0
-0.299920,0
0-0.019416,0
-0.035627,0
0
-0.0767,0
0976,0
0.21,0
0.029,0
-05,0
-0.,0.105564,0
0.123543,0
0.096559,0
0.055432,0
-0.001643,0
-0.050411,0
-0.042794,0
0031147,0
0580,0
0.0149,0
-52,0
-0.7272,0
0.006505,0
0.011566,0
0.039386,0
.
597-0.051038,0
0.014206,0
0.000291,0
0005984,0
.11,0
.10
.03,0
01307,0
0009659,0
0181,0
0.554,0
0.004784,0
-0.051034,0
-0.023372,0
.8,0
0.040789,0
0.087246,0
0.074677,0
0-0.039452,0
-0.002104,0
-0.046890,0
-.089475,0
-0.028149,0
-0.019543,0
-0.047513,0
.,0
.10.080242,0
0.005443,0
-0.049250,0
0.0
0.111705,0
0.090831,0
0.077106,0
.
.0,0
-0.073536,0
-0.159087,0
-0.110908,0
-4198,0
-0012082,0
-1142,0
.03,0
0.10.074946,0
0.022483,0
-0.017211,0
-098917,0
-0.189601,0
-0.209944,0
-0.110583,0
.0.125985,0
0.118823,0
0.136988,0
.0
.0-0.056983,0
-0.107163,0
-0.119287,0
0
-0.0
0.00.056706,0
0.110646,0
0.157230,0
.0
-0.44,0
-0984,0
0.4,0
-0.100654,0
0.003831,0
0.028126,0
0003713,0
038087,0
05286,0
0.-0.002860,0
-0.083391,0
-0.143804,0
0-0.016595,0
-0.016558,0
-0.029006,0
.0187550,0
04,0
0.0
-0142014,0
-199408,0
00.007644,0
071,0
.02,0
0.0.302668,1
0.112812,0
0
0.-0.213232,0
-0.195378,0
-0.088069,0
-.065746,0
.08,0
0.184140,0
0.223619,1
0.104881,0
010
.0
-025383,0
0,0
0.,0
0.,0
0.078496,0
021719,0
009395,0
0116982,0
0147370,0
0182062,0
0091944,0
0889,0
-0.50486,0
08210,0
-0168722,0
07907,0
0.753,0
.10.184495,0
0.226504,0
0.088147,0
-98160,0
--0.186603,0
-0.066257,0
0.027229,0
.
.12,0
.1,0
057,0
0.110691,0
-0.067825,0
-0.149592,0
018,0
-0.924,0
-0572,0
0.125888,0
0.216779,0
0.122358,0
.0152642,0
094,0
0.02549,0
-,0
-0.120,0
-08410,0
-0.234628,0
-0.036588,0
0.135791,0
0165194,0
00.110058,0
0.035175,0
-0.052502,0
00.106457,0
0.128804,0
.0
0.04,0
0.008274,0
-0.077811,0
-0.113042,0
-.059668,0
052583,0
0-0.147959,0
-0.095289,0
0.023362,0
0027646,0
-0.021141,0
0.038031,0
0.042938,0
0027905,0
-0.025351,0
-0.089717,0
5-0.018396,0
-0.004255,0
40.064946,0
0.021723,0
.
0.00.080843,0
.
0.090283,0
0.045653,0
046,0
-0.93,0
0.31,0
09,0
-0.083983,0
-0.015089,0
0.013025,0
0.049363,0
025,0
0.01-0.036898,0
0.013336,0
0.007227,0
-0875,0
-0.30,0
-0.070707,0
-0.042556,0
-0.027021,0
-132,0
-0.109298,0
-0.078959,0
0.017115,0
.
-0.034449,0
-0.053473,0
-0.026898,0
.-0.053599,0
0-0.129862,0
-0.065116,0
0.030305,0
.-0.066991,0
0.001051,0
0.133106,0
08106,0
0.4803,0
-092560,0
--0.059902,0
0.011265,0
0.027786,0
07,0
-0.115252,0
-0.041695,0
0.035601,0
02004,0
0.0.051269,0
-0.009559,0
10.062781,0
0.075364,0
20.006445,0
-0.019821,0
-0401,0
0.34684,0
00
-0.079844,0
-0.056949,0
0022069,0
0.051613,0
-0.022470,0
-83996,0
-0.027758,0
0.028673,0
03,0
-0.049987,0
-0.058227,0
00.027033,0
0.139180,0
4-0.098685,0
-0.072061,0
0.045936,0
0011698,0
-0.018739,0
-0.052743,0
059418,0
.0.018010,0
-0.077610,0
-0.000186,0
048946,0
-.015955,0
.029,0
0.051397,0
0.007537,0
-0.022654,0
-0.022080,0
-0.051605,0
-0.090358,0
-0.043553,0
.-0.014049,0
-0.104837,0
-3022,0
0.070971,0
-0.002241,0
0-0.089264,0
-0.056700,0
-0.071629,0
--0.043551,0
-0.108892,0
0.021993,0
--0.071211,0
00.072164,0
0.073224,0
.0.068389,0
0.034362,0
-0.019851,0
051,0
0.0755,0
0029617,0
026707,0
-0.086280,0
-0.042081,0
0.069570,0
00
-0.00.074165,0
07281,0
0511,0
.49,0
-0.071870,0
-0.153721,0
-0.044206,0
.70,0
08147,0
094,0
.00.057281,0
0.039128,0
0.070661,0
00.052036,0
0.051259,0
047,0
.0323
-0.050017,0
-0.037646,0
-0.004206,0
09,0
0066-0.064376,0
-0.104277,0
-0.060506,0
00.031234,0
0-0.047196,0
-3558,0
-0.5430,0
-100904,0
40.083909,0
0.059891,0
-0.000557,0
0039731,0
0.063017,0
0.048029,0
-01072,0
-000
0.06-0.177520,0
-0.135506,0
-0.025265,0
.0.164306,0
0.076081,0
-.015063,0
055820,0
03626,0
-09,0
0.0
0.06
-0.1,0
-0.0
0.070.125614,0
00.129232,0
00.115915,0
00.164987,0
0.095480,0
0.092772,0
-07170,0
-0.209043,0
-0.305109,0
-0.258752,0
-134117,0
031822,0
.0.232224,0
4-0.132782,0
-0.236115,0
0-0.279350,0
-0.074903,0
10.216981,0
0.222280,0
0.174423,0
0,0
-0.16,0
-0.125592,0
-0.184682,0
-0.232437,0
-0.148561,0
-0.157736,0
0.378314,1
0.444603,1
0.184092,0
10.093214,0
-0.214475,0
-0.380937,0
-1597,0
-0.11645,0
0.001524,0
0.117294,0
0.268860,0
.-.318231,0
-236886,0
-59052,0
0.5542,0
09840,0
0.6907,0
0.229450,0
-0.007785,0
-0.297857,0
-610,0
-0.3,0
-0.3,0
-05,0
0.10
0.26,0
0.260429,0
0.169374,0
0.008077,0
0199,0
-004436,0
00.331657,0
.,0
01378,0
0.,0
0.,0
0.,0
0.,0
03,0
.00

0-0.275802,0
-0.293557,0
0,0
0.193,0
0.0.520855,0
0.364919,0
0.052390,0
00
-0.787,0
-024610,0
-7,0
-0.100
0.-0.140484,0
-7530,0
-0944,0
0.,0
-01868,0
-0139,0
0.20.419408,0
0-0.311221,0
.0.028943,0
0.301125,0
09344,1
0.1,0
0.075716,0
-0.278853,0
-0.331184,0
-259186,0
-91,0
-0.,0
0.1,0
0.40.162073,0
-77424,0
-0.294577,0
-0.282913,0
-0.269387,0
07325,0
0.026245,0
0.279653,0
0.430487,0
0-2146,0
-0.
203800.422587,0
0.419541,0
0.199730,0
--0.266899,0
0
.19,0
0471317,1
0.454271,1
0.141491,0
-0.126148,0
0,0
-0.326245,0
-0.359643,0
-0.214112,0
03165,0
0233372,0
80.381675,0
0.148943,0
-0.122398,0
-.263907,0
-349917,0
06,0
0.2
0.03,0
0.0,0
0.4517,0
.
0.086062,0
-0.223226,0
-0.390369,0
3-0.299575,0
-0.183713,0
0.046638,0
0.302848,0
0.442837,1
0411790,0
0.095094,0
-0.278232,0
-0.403839,0
3-0.216557,0
-0.053203,0
0.189965,0
.,0
0.449591,0
0.288120,0
-0.035957,0
9-0.383790,0
-0.283700,0
-0.155529,0
07916,0
0.191260,0
0.444995,0
0.527965,1
3,0
-0.051432,0
-0.296012,0
-0.374676,0
9-0.211085,0
-0.042367,0
0.199367,0
032,0
0.361,0
0.501,0
-0.139953,0
-0.229012,0
-0.257194,0
0
0.2397-0.124225,0
0.029815,0
0.237451,0
00-0.180230,0
-.284893,0
0
-0.239249,0
-0.225063,0
-0.075707,0
0.289279,0
.0.195132,0
--0.268061,0
-0.119558,0
--0.180925,0
-0.051121,0
0.172932,0
0.349780,1
.-0.213300,0
0.270483,1
03210,0
-0-0.120315,0
,0.126466,0
0.305141,1
0
-0.1328-0.080216,0
-.022630,0
0649,0
0.078160,0
-0.067078,0
-0.153783,0
20.022747,0
0.030543,0
-0.004602,0
.0.146067,0
0.095184,0
-0.080694,0
-0.024724,0
-0.039520,0
-0.058633,0
00.045055,0
-0.036269,0
-0.093193,0
035,0
-0.055223,0
-0.034330,0
0.000822,0
-0.011975,0
0.074161,0
0.044870,0
.0023601,0
0.6862,0
0025956,0
-49901,0
0.31027,0
00,0
0.0600
0.00
0.0296,0
-5337,0
0.0-0.036684,0
-0.014151,0
0699,0
00.038589,0
-0.026401,0
-0.077359,0
0
0.070
0.00
-0.07,0
0.065004,0
0.116945,0
0.013524,0
-.100284,0
-0.011765,0
0018953,0
-07284,0
0.34,0
0.0511,0
,-0.114172,0
-0.078046,0
0.037003,0
0.5,0
0.025908,0
0.003405,0
-0.028637,0
-0.022071,0
0.043408,0
0.065603,0
0.028317,0
0.023970,0
.0
-0.00384,0
0.7,0
.02,0
00.022476,0
008,0
0.113660,0
-0.002158,0
021,0
-101801,0
0-0.067015,0
040,0
0.030313,0
0.080237,0
0.112454,0
0-0.137943,0
-139508,0
0
-0.0185,0
--.056274,0
-0.093955,0
.0.094956,0
06138,0
-0109617,0
-0.103870,0
-0.012639,0
-.004917,0
00.074478,0
0.051210,0
-38,0
-0.-0.023271,0
0.030285,0
0.147638,0
0-0.006047,0
-0.050050,0
-9813,0
.13-0.078074,0
0.057989,0
0.056187,0
.0
0.096982,0
0.161769,0
0.070982,0
-.052819,0
-0.110492,0
-0.128681,0
-0.063386,0
000.136256,0
0.124511,0
0.084665,0
0-0.066294,0
-0.139538,0
-0.143153,0
-7,0
0.0100.111002,0
0.040249,0
-0.083413,0
-0
-0.17363,0
04,0
-0.,0
0.01014,0
0.166813,0
0.193157,0
0.085238,0
-60750,0
0.-0.112943,0
.3,0
0.93190,0
09189,0
0.528,0
0.0
-0.02
0.1
-0.37,0
0.0.096740,0
0.184378,0
06331,1
0.23044,0
04594,0
-0874,0
-067400,0
0609,0
04691,0
0.13,0
.92,0
09413,0
0.4816,0
0243763,1
09406,0
-0.057973,0
-0.210425,0
-0.282090,0
0278,0
-0.081403,0
-0.020965,0
-0.003529,0
00-7130,0
-0.139245,0
-0.181720,0
-0.154779,0
0,0
.06
0.200
0.20.112122,0
0.039840,0
-0.001135,0
2-0.127292,0
-0.132953,0
-0.146875,0
-063175,0
0112262,0
097421,1
0.134285,0
0.031971,0
0.003174,0
.-0.095291,0
-0.191570,0
-0.168702,0
0.027420,0
0.052967,0
0.067106,0
0.118644,0
00.062438,0
-0.045197,0
-0.139106,0
0,0
0.,0
0.,0
.10.087764,0
0.040651,0
0.100274,0
00006,0
-0398,0
-0.221631,0
-0.243706,0
-0.098876,0
.00692,0
0860,0
0.1397,0
0.079218,0
0.062573,0
0.062946,0
-014164,0
-7978,0
-0.935,0
-0.104480,0
0.046825,0
0.168858,0
10.077996,0
0.026313,0
0.019198,0
.0.123305,0
0
-0.189,0
-0.140414,0
-0.091171,0
-0.021809,0
06,0
0.062,0
0.148242,0
0.181546,0
0.076275,0
-.090217,0
00.026163,0
-00.031645,0
028145,0
0036161,0
-.051910,0
-.175948,0
-208228,0
-.121828,0
0.025548,0
0.114057,0
0.135868,0
0.095710,0
0175,0
0.01849,0
0.023982,0
-0.083910,0
-0.218711,0
-.165845,0
-0.007393,0
0.038532,0
90.115542,0
0.078345,0
00.022127,0
-0.030782,0
0
-0.46806,0
0016884,0
00358,0
0.5,0
0.155,0
042444,0
08194,0
-084145,0
-.053173,0
-098620,0
-.148514,0
-.085504,0
00002,0
0.0,0
0.161,0
.10.017118,0
-0.020071,0
-0.012017,0
-309,0
-0.-0.140983,0
-0.092929,0
-0.004545,0
.6,0
0.118200,0
0.130677,0
0.134287,0
.
.023,0
0.11,0
-.165486,0
-0.127268,0
-0.015949,0
0.057759,0
0.036973,0
.3,0
.0,0
0.109105,0
0.059098,0
-0.007530,0
--0.136583,0
-0.032705,0
.0.006732,0
0.012811,0
0.084112,0
.0,0
0.5356,0
00702,0
-0.166363,0
-0.099464,0
-0.000979,0
00030860,0
0.037119,0
0.081299,0
0
0.0229
-0.114797,0
-0.070077,0
-0.006359,0
.0.041860,0
0.060394,0
0.060767,0
0-0.081247,0
023389,0
00.085421,0
0.099690,0
0.097844,0
0-0.125143,0
-0997,0
.02
0.025545,0
-0.012617,0
0.060048,0
0-0.149844,0
-0.056383,0
0.016759,0
0.020809,0
0.018534,0
0.083206,0
0.111814,0
-0.015359,0
-172861,0
-0.118308,0
0.056789,0
0.078986,0
0-0.020646,0
0
-0.1-0.007794,0
008,0
.1040.040467,0
0.040842,0
5-0.072972,0
-0.130033,0
9-0.047536,0
-0.013910,0
.,0
.138747,0
0-0.126093,0
-0.137853,0
-0.081324,0
043,0
-00.028442,0
0.094302,0
0.116184,0
.0.003504,0
-0.085458,0
-0.089832,0
0.008304,0
0
0.047602,09597,0
.0-0.046919,0
-0.032798,0
20.042392,0
0.041631,0
0.016299,0
20.058058,0
-0.009105,0
-0.087894,0
-53625,0
0.019283,0
0.017718,0
0.028468,0
0.063146,0
.2,0
.00.037965,0
0.032446,0
0.009783,0
0
0.0-0.090699,0
-0.065522,0
-0.043520,0
0006095,0
00.030396,0
0.016423,0
0.011426,0
-010315,0
--0.066742,0
-0.047843,0
-0.028555,0
0.037434,0
0.125213,0
0.126234,0
0.015051,0
-0.057548,0
-0.049481,0
-0.038646,0
-0.050276,0
-0.041993,0
0.026978,0
0.076056,0
0.072577,0
0.050661,0
-0.008254,0
-0.047175,0
-0.030544,0
-0.021878,0
-0.056666,0
-0.066898,0
0.023262,0
0.112111,0
0.103939,0
0.050686,0
0.009627,0
-0.011558,0
-0.045577,0
-0.079222,0
-0.092897,0
-0.074161,0
0.031166,0
0.148666,0
0.161855,0
0.082682,0
-0.012305,0
-0.058047,0
-0.086675,0
-0.118226,0
-0.109709,0
-0.046650,0
0.056870,0
0.105572,0
0.056023,0
-0.007135,0
-0.033965,0
-0.039741,0
-0.060010,0
-0.066904,0
-0.045378,0
-0.035953,0
-0.001424,0
0.067066,0
0.108407,0
0.088537,0
0.040283,0
0.023971,0
0.006591,0
-0.054181,0
-0.114369,0
-0.083324,0
0.024093,0
0.077958,0
0.099700,0
0.119457,0
0.065768,0
0.015121,0
0.044370,0
0.036511,0
-0.078439,0
-0.125961,0
-0.026649,0
0.047081,0
0.050460,0
0.055920,0
0.085698,0
0.109361,0
0.055540,0
-0.065347,0
-0.164971,0
-0.136055,0
-0.015868,0
0.039610,0
0.050166,0
0.069435,0
0.070262,0
0.034075,0
-0.071206,0
-0.191552,0
-0.211651,0
-0.105520,0
-0.007174,0
-0.006543,0
0.016328,0
0.066362,0
0.066909,0
0.071489,0
0.041730,0
-0.085242,0
-0.176967,0
-0.091727,0
0.032013,0
0.042804,0
0.055644,0
0.080064,0
0.051700,0
0.066322,0
0.100398,0
0.015610,0
-0.124895,0
-0.124292,0
-0.020493,0
0.036076,0
0.061367,0
0.060813,0
0.032764,0
0.021204,0
0.020963,0
-0.004682,0
-0.061317,0
-0.062962,0
-0.014641,0
0.011257,0
0.035213,0
0.023155,0
-0.011934,0
0.017214,0
0.068265,0
0.033571,0
-0.074184,0
-0.127998,0
-0.101433,0
-0.030613,0
0.029956,0
-0.009668,0
-0.040094,0
0.057360,0
0.157325,0
0.131926,0
0.018696,0
-0.077621,0
-0.105785,0
-0.041043,0
0.021694,0
-0.014028,0
0.003357,0
0.110688,0
0.150112,0
0.096786,0
0.015462,0
-0.049555,0
-0.088552,0
-0.065620,0
-0.015170,0
-0.030358,0
-0.034515,0
0.030410,0
0.093871,0
0.091638,0
