Command: /home/vedant/.espressif/python_env/idf5.5_py3.10_env/bin/python /home/vedant/esp/esp-idf/tools/idf_monitor.py -p /dev/ttyUSB0 -b 115200 --toolchain-prefix xtensa-esp32-elf- --target esp32 --revision 0 /home/vedant/Bidex_Hand_Project/eog_bioamp/build/eog_bioamp.elf /home/vedant/Bidex_Hand_Project/eog_bioamp/build/bootloader/bootloader.elf -m '/home/vedant/.espressif/python_env/idf5.5_py3.10_env/bin/python' '/home/vedant/esp/esp-idf/tools/idf.py'
ets Jul 29 2019 12:21:46

rst:0x1 (POWERON_RESET),boot:0x13 (SPI_FAST_FLASH_BOOT)
configsip: 0, SPIWP:0xee
clk_drv:0x00,q_drv:0x00,d_drv:0x00,cs0_drv:0x00,hd_drv:0x00,wp_drv:0x00
mode:DIO, clock div:2
load:0x3fff0030,len:6380
ho 0 tail 12 room 4
load:0x40078000,len:15916
load:0x40080400,len:3860
entry 0x40080638
[0;32mI (29) boot: ESP-IDF v5.5 2nd stage bootloader[0m
[0;32mI (29) boot: compile time Jan 13 2026 13:56:03[0m
[0;32mI (29) boot: Multicore bootloader[0m
[0;32mI (30) boot: chip revision: v3.1[0m
[0;32mI (33) boot.esp32: SPI Speed      : 40MHz[0m
[0;32mI (37) boot.esp32: SPI Mode       : DIO[0m
[0;32mI (40) boot.esp32: SPI Flash Size : 2MB[0m
[0;32mI (44) boot: Enabling RNG early entropy source...[0m
[0;32mI (49) boot: Partition Table:[0m
[0;32mI (51) boot: ## Label            Usage          Type ST Offset   Length[0m
[0;32mI (57) boot:  0 nvs              WiFi data        01 02 00009000 00006000[0m
[0;32mI (64) boot:  1 phy_init         RF data          01 01 0000f000 00001000[0m
[0;32mI (71) boot:  2 factory          factory app      00 00 00010000 00100000[0m
[0;32mI (77) boot: End of partition table[0m
[0;32mI (80) esp_image: segment 0: paddr=00010020 vaddr=3f400020 size=0c318h ( 49944) map[0m
[0;32mI (105) esp_image: segment 1: paddr=0001c340 vaddr=3ff80000 size=00020h (    32) load[0m
[0;32mI (105) esp_image: segment 2: paddr=0001c368 vaddr=3ffb0000 size=03178h ( 12664) load[0m
[0;32mI (114) esp_image: segment 3: paddr=0001f4e8 vaddr=40080000 size=00b30h (  2864) load[0m
[0;32mI (118) esp_image: segment 4: paddr=00020020 vaddr=400d0020 size=28240h (164416) map[0m
[0;32mI (180) esp_image: segment 5: paddr=00048268 vaddr=40080b30 size=10444h ( 66628) load[0m
[0;32mI (215) boot: Loaded app from partition at offset 0x10000[0m
[0;32mI (215) boot: Disabling RNG early entropy source...[0m
[0;32mI (225) cpu_start: Multicore app[0m
[0;32mI (233) cpu_start: Pro cpu start user code[0m
[0;32mI (233) cpu_start: cpu freq: 160000000 Hz[0m
[0;32mI (234) app_init: Application information:[0m
[0;32mI (234) app_init: Project name:     eog_bioamp[0m
[0;32mI (238) app_init: App version:      1[0m
[0;32mI (241) app_init: Compile time:     Jan 13 2026 13:55:47[0m
[0;32mI (246) app_init: ELF file SHA256:  0555cabbc...[0m
[0;32mI (250) app_init: ESP-IDF:          v5.5[0m
[0;32mI (254) efuse_init: Min chip rev:     v0.0[0m
[0;32mI (258) efuse_init: Max chip rev:     v3.99 [0m
[0;32mI (262) efuse_init: Chip rev:         v3.1[0m
[0;32mI (266) heap_init: Initializing. RAM available for dynamic allocation:[0m
[0;32mI (272) heap_init: At 3FFAE6E0 len 00001920 (6 KiB): DRAM[0m
[0;32mI (277) heap_init: At 3FFB6248 len 00029DB8 (167 KiB): DRAM[0m
[0;32mI (282) heap_init: At 3FFE0440 len 00003AE0 (14 KiB): D/IRAM[0m
[0;32mI (288) heap_init: At 3FFE4350 len 0001BCB0 (111 KiB): D/IRAM[0m
[0;32mI (293) heap_init: At 40090F74 len 0000F08C (60 KiB): IRAM[0m
[0;33mW (300) spi_flash: boya detected but related driver is not linked, please check option `SPI_FLASH_SUPPORT_BOYA_CHIP`[0m
[0;32mI (309) spi_flash: detected chip: generic[0m
[0;32mI (312) spi_flash: flash io: dio[0m
[0;33mW (315) spi_flash: Detected size(4096k) larger than the size in the binary image header(2048k). Using the size in the binary image header.[0m
[0;33mW (328) ADC: legacy driver is deprecated, please migrate to `esp_adc/adc_oneshot.h`[0m
[0;32mI (336) main_task: Started on CPU0[0m
[0;32mI (346) main_task: Calling app_main()[0m
ESP32 EOG Blink Detection Started (GPIO34)
0.097927,1
0.400211,1
0.629093,1
0.481239,1
0.250025,1
0.244550,1
0.283736,1
0.205505,1
0.123621,1
0.124886,1
0.129734,0
0.071842,0
0.022236,0
0.040110,0
0.036049,0
-0.060030,0
-0.142227,0
-0.113819,0
-0.056820,0
-0.077221,0
-0.131229,0
-0.138802,0
-0.143044,0
-0.189411,0
-0.206028,0
-0.163090,0
-0.154720,0
-0.212379,0
-0.245041,0
-0.217041,0
-0.186447,0
-0.172050,0
-0.154236,0
-0.157562,0
-0.187302,0
-0.199722,0
-0.198334,0
-0.190865,0
-0.153458,0
-0.125053,0
-0.145935,0
-0.175117,0
-0.178467,0
-0.174908,0
-0.180870,0
-0.176449,0
-0.145653,0
-0.104313,0
-0.072315,0
-0.067299,0
-0.083893,0
-0.079647,0
-0.045315,0
-0.031780,0
-0.070305,0
-0.122002,0
-0.125664,0
-0.075989,0
-0.029821,0
-0.034365,0
-0.063459,0
-0.040161,0
0.032925,0
0.049042,0
0.001115,0
-0.002573,0
0.032126,0
0.015534,0
-0.038739,0
-0.045733,0
0.027829,0
0.130278,0
0.151001,0
0.049303,0
-0.035810,0
-0.001078,0
0.050793,0
0.061525,0
0.078398,0
0.078642,0
0.076256,0
0.127850,0
0.170784,0
0.142368,0
0.096512,0
0.070503,0
0.004501,0
-0.096382,0
-0.108006,0
-0.027760,0
0.013790,0
0.000851,0
0.023399,0
0.092976,0
0.144669,0
0.150890,0
0.156876,0
0.227013,0
0.314590,0
0.289955,0
0.184891,0
0.155579,0
0.184311,0
0.162941,0
0.145546,0
0.179779,0
0.172615,0
0.105972,0
0.060547,0
0.071198,0
0.129662,0
0.179726,0
0.165001,0
0.120033,0
0.078514,0
0.027962,0
-0.000835,0
0.028992,0
0.076351,0
0.087231,0
0.070534,0
0.059277,0
0.067905,0
0.074711,0
0.047153,0
0.008713,0
0.007572,0
0.014111,0
-0.027489,0
-0.043350,0
0.025658,0
0.051989,0
-0.012144,0
-0.046413,0
-0.034554,0
-0.026823,0
-0.015276,0
-0.025305,0
-0.044447,0
-0.008495,0
0.006228,0
-0.074313,0
-0.112814,0
-0.044328,0
-0.024391,0
-0.076859,0
-0.087653,0
-0.077348,0
-0.069437,0
-0.051301,0
-0.089875,0
-0.157323,0
-0.138443,0
-0.038296,0
0.038599,0
0.005018,0
-0.109128,0
-0.165261,0
-0.108974,0
-0.051658,0
-0.068961,0
-0.069607,0
0.012438,0
0.066448,0
-0.002820,0
-0.098248,0
-0.096936,0
-0.051442,0
-0.059363,0
-0.066402,0
-0.008992,0
0.020960,0
-0.030806,0
-0.054060,0
0.021057,0
0.101160,0
0.091074,0
0.021003,0
-0.044301,0
-0.071102,0
-0.062883,0
-0.076750,0
-0.116211,0
-0.093590,0
-0.006940,0
0.042566,0
0.048686,0
0.047469,0
0.004181,0
-0.044895,0
-0.036221,0
-0.021356,0
-0.029462,0
0.001337,0
0.062790,0
0.058406,0
-0.007150,0
-0.030200,0
-0.021836,0
-0.060854,0
-0.086959,0
-0.011266,0
0.089469,0
0.101800,0
0.047505,0
-0.017858,0
-0.078683,0
-0.084742,0
-0.028178,0
-0.000875,0
-0.036631,0
-0.058638,0
-0.034992,0
-0.026048,0
-0.048232,0
-0.053127,0
-0.018822,0
0.045682,0
0.094182,0
0.068857,0
0.016112,0
0.020086,0
0.044136,0
0.012989,0
-0.043425,0
-0.049417,0
-0.021678,0
-0.010972,0
0.002126,0
0.010134,0
-0.008702,0
0.013171,0
0.085405,0
0.102053,0
0.063477,0
0.068301,0
0.099042,0
0.067830,0
-0.017016,0
-0.042530,0
0.029355,0
0.059862,0
-0.014188,0
-0.063786,0
-0.021206,0
0.034479,0
0.036043,0
-0.000726,0
-0.031607,0
-0.017372,0
0.034268,0
0.043509,0
-0.009591,0
-0.039135,0
-0.014512,0
0.014691,0
0.027379,0
0.018756,0
-0.022045,0
-0.051059,0
-0.018760,0
0.026253,0
0.022324,0
-0.003802,0
-0.021399,0
-0.035153,0
-0.028100,0
0.000484,0
0.004326,0
-0.027967,0
-0.037494,0
0.001952,0
0.024437,0
-0.007215,0
-0.032116,0
-0.015335,0
0.007612,0
0.020014,0
0.007435,0
-0.049449,0
-0.092936,0
-0.085702,0
-0.080494,0
-0.074024,0
-0.015467,0
0.059051,0
0.070634,0
0.027814,0
0.001578,0
0.001474,0
0.005521,0
0.021153,0
0.037611,0
0.038362,0
0.024619,0
-0.005408,0
-0.023855,0
-0.004767,0
0.024240,0
0.041880,0
0.045691,0
0.029957,0
0.011023,0
0.002171,0
0.005121,0
0.022560,0
0.031277,0
0.012694,0
-0.000519,0
0.014659,0
0.029131,0
0.024799,0
0.021410,0
0.029410,0
0.031713,0
0.018660,0
0.006830,0
0.005666,0
0.010386,0
0.020589,0
0.028156,0
0.025492,0
0.019417,0
0.014776,0
0.005276,0
-0.012943,0
-0.023532,0
-0.014468,0
-0.002513,0
0.001359,0
0.006360,0
0.016660,0
0.020115,0
0.009116,0
-0.000433,0
0.001879,0
0.007412,0
0.011938,0
0.014168,0
0.011209,0
0.001424,0
-0.015845,0
-0.021937,0
-0.002444,0
0.009651,0
-0.009313,0
-0.025756,0
-0.018152,0
-0.007789,0
-0.006091,0
-0.005473,0
-0.004071,0
-0.008838,0
-0.022874,0
-0.030245,0
-0.020216,0
-0.014366,0
-0.026980,0
-0.039161,0
-0.039181,0
-0.033273,0
-0.023154,0
-0.015838,0
-0.018850,0
-0.020486,0
-0.011935,0
-0.008936,0
-0.022156,0
-0.036733,0
-0.043200,0
-0.044236,0
-0.039364,0
-0.029202,0
-0.015546,0
-0.011621,0
-0.027419,0
-0.037526,0
-0.023546,0
-0.010290,0
-0.013566,0
-0.019464,0
-0.021150,0
-0.014537,0
0.006577,0
0.015679,0
-0.008301,0
-0.022742,0
0.002636,0
0.024852,0
0.016099,0
0.008381,0
0.019592,0
0.028014,0
0.022854,0
0.017995,0
0.019876,0
0.015622,0
-0.001865,0
-0.008864,0
0.010705,0
0.026999,0
0.020438,0
0.012028,0
0.013438,0
0.009471,0
-0.007696,0
-0.009339,0
0.023782,0
0.045746,0
0.025238,0
-0.001918,0
-0.014595,0
-0.015598,0
-0.000978,0
0.012705,0
0.009895,0
0.003919,0
0.004559,0
0.007277,0
0.010844,0
0.016788,0
0.025508,0
0.029248,0
0.022691,0
0.018187,0
0.024684,0
0.027948,0
0.019038,0
0.013300,0
0.020683,0
0.023410,0
0.010448,0
-0.000152,0
0.003124,0
0.010506,0
0.017278,0
0.023628,0
0.027514,0
0.028028,0
0.024906,0
0.015886,0
-0.001734,0
-0.012493,0
-0.004957,0
0.007543,0
0.016260,0
0.018609,0
0.010721,0
0.008581,0
0.025015,0
0.032326,0
0.010578,0
-0.004815,0
0.009906,0
0.022021,0
0.011541,0
0.001636,0
0.005094,0
0.004469,0
-0.008992,0
-0.018577,0
-0.014834,0
-0.011028,0
-0.014704,0
-0.016808,0
-0.013050,0
-0.008103,0
-0.003842,0
-0.003917,0
-0.012345,0
-0.018967,0
-0.016044,0
-0.009216,0
-0.001788,0
0.000136,0
-0.008803,0
-0.020748,0
-0.029574,0
-0.029625,0
-0.015279,0
-0.005771,0
-0.015649,0
-0.024678,0
-0.019562,0
-0.009076,0
0.002874,0
0.003741,0
-0.018252,0
-0.033130,0
-0.018289,0
-0.000697,0
0.002014,0
0.002837,0
0.007323,0
0.000458,0
-0.026613,0
-0.043591,0
-0.029455,0
-0.009109,0
0.002358,0
0.007428,0
0.003631,0
-0.003962,0
-0.009911,0
-0.011479,0
-0.006785,0
-0.007349,0
-0.021677,0
-0.027288,0
-0.007777,0
0.010966,0
0.011872,0
0.007451,0
0.003579,0
-0.001828,0
-0.007737,0
-0.012933,0
-0.017642,0
-0.014821,0
0.001581,0
0.012655,0
0.004325,0
-0.006535,0
-0.008932,0
-0.008250,0
-0.005926,0
0.001891,0
0.016668,0
0.024126,0
0.014345,0
0.005206,0
0.008941,0
0.007542,0
-0.010124,0
-0.013376,0
0.018651,0
0.046368,0
0.043369,0
0.031597,0
0.022176,0
0.008305,0
-0.010953,0
-0.018372,0
-0.003131,0
0.009665,0
0.003374,0
-0.004926,0
-0.005640,0
-0.002568,0
0.004565,0
0.007412,0
-0.001987,0
-0.006181,0
0.008121,0
0.020124,0
0.015945,0
0.007656,0
0.001759,0
0.001564,0
0.011961,0
0.018036,0
0.007841,0
-0.000285,0
0.006426,0
0.015835,0
0.021006,0
0.017558,0
-0.000020,0
-0.011764,0
-0.001765,0
0.008677,0
0.005281,0
0.000286,0
0.000112,0
-0.000270,0
-0.002151,0
-0.003496,0
-0.003925,0
-0.005662,0
-0.009700,0
-0.005709,0
0.013902,0
0.028263,0
0.022482,0
0.015465,0
0.019226,0
0.024090,0
0.025756,0
0.020444,0
0.003007,0
-0.015580,0
-0.026519,0
-0.024672,0
-0.004863,0
0.009968,0
0.002247,0
-0.006599,0
-0.002620,0
0.002722,0
0.003867,0
0.005489,0
0.008929,0
0.006450,0
-0.006708,0
-0.017330,0
-0.016516,0
-0.016097,0
-0.023352,0
-0.023111,0
-0.005794,0
0.010714,0
0.014732,0
0.014482,0
0.013483,0
0.009041,0
0.001089,0
-0.008865,0
-0.020450,0
-0.026076,0
-0.019261,0
-0.010730,0
-0.008148,0
-0.008301,0
-0.010022,0
-0.007462,0
0.004938,0
0.010844,0
-0.002006,0
-0.010596,0
0.000991,0
0.011857,0
0.008741,0
0.002122,0
-0.003324,0
-0.006795,0
-0.005341,0
-0.007661,0
-0.021248,0
-0.029119,0
-0.018721,0
-0.002995,0
0.010147,0
0.015729,0
0.007593,0
-0.000123,0
0.003702,0
0.005208,0
-0.004786,0
-0.015944,0
-0.022338,0
-0.023020,0
-0.015492,0
-0.008580,0
-0.009678,0
-0.010649,0
-0.006016,0
-0.003591,0
-0.008360,0
-0.011961,0
-0.009190,0
-0.005589,0
-0.004084,0
-0.004237,0
-0.006637,0
-0.008815,0
-0.008345,0
-0.008334,0
-0.011240,0
-0.011105,0
-0.003754,0
-0.000040,0
-0.007792,0
-0.011508,0
-0.000747,0
0.004497,0
-0.009286,0
-0.018847,0
-0.009346,0
0.002964,0
0.008880,0
0.006419,0
-0.009160,0
-0.020370,0
-0.012676,0
-0.005715,0
-0.012691,0
-0.017356,0
-0.009823,0
-0.004762,0
-0.010987,0
-0.012730,0
-0.000450,0
0.010538,0
0.010856,0
0.008399,0
0.006674,0
0.006180,0
0.009170,0
0.009671,0
0.002237,0
-0.003875,0
-0.001828,0
0.001991,0
0.003888,0
0.003066,0
-0.002070,0
-0.005733,0
-0.003231,0
0.001459,0
0.005513,0
0.004338,0
-0.006331,0
-0.009887,0
0.006246,0
0.018577,0
0.010844,0
0.003970,0
0.010850,0
0.016036,0
0.010749,0
0.006399,0
0.008977,0
0.008927,0
0.001235,0
-0.004211,0
-0.001546,0
0.002747,0
0.005500,0
0.009014,0
0.013777,0
0.016235,0
0.014286,0
0.015209,0
0.023829,0
0.021707,0
-0.004559,0
-0.020062,0
0.000071,0
0.014551,0
-0.003849,0
-0.011636,0
0.018798,0
0.033406,0
-0.002542,0
-0.024750,0
0.008668,0
0.036041,0
0.020032,0
0.003443,0
0.009173,0
0.017399,0
0.020855,0
0.016510,0
-0.002869,0
-0.015971,0
-0.004504,0
0.011624,0
0.018783,0
0.015285,0
-0.002965,0
-0.011893,0
0.007612,0
0.024614,0
0.017094,0
0.006541,0
0.005211,0
0.000831,0
-0.012237,0
-0.014048,0
0.007933,0
0.022939,0
0.010254,0
-0.002975,0
-0.000170,0
0.007709,0
0.016430,0
0.017165,0
0.000239,0
-0.013300,0
-0.006960,0
-0.002330,0
-0.013858,0
-0.018661,0
-0.002380,0
0.012460,0
0.012022,0
0.010295,0
0.014493,0
0.015119,0
0.007612,0
-0.000929,0
-0.006948,0
-0.002487,0
0.019939,0
0.026781,0
-0.007833,0
-0.036977,0
-0.028206,0
-0.010011,0
0.002211,0
0.015306,0
0.029315,0
0.030850,0
0.011899,0
-0.006370,0
-0.010030,0
-0.010142,0
-0.012217,0
-0.014206,0
-0.016629,0
-0.018246,0
-0.017127,0
-0.017843,0
-0.024396,0
-0.022618,0
-0.001935,0
0.014334,0
0.009723,0
-0.001996,0
-0.013718,0
-0.020815,0
-0.017526,0
-0.012232,0
-0.011626,0
-0.012515,0
-0.012743,0
-0.010043,0
-0.001762,0
0.003368,0
-0.001461,0
-0.001745,0
0.012449,0
0.019624,0
0.004816,0
-0.008447,0
-0.005176,0
0.000293,0
0.000558,0
-0.002360,0
-0.009731,0
-0.017530,0
-0.021520,0
-0.015889,0
0.004153,0
0.019149,0
0.014547,0
0.003623,0
-0.005815,0
-0.007292,0
0.006548,0
0.016076,0
0.005996,0
-0.003967,0
-0.000740,0
0.002603,0
-0.001028,0
0.000734,0
0.014770,0
0.022186,0
0.010475,0
-0.001842,0
-0.003096,0
-0.006106,0
-0.017742,0
-0.022093,0
-0.009365,0
-0.001894,0
-0.014272,0
-0.016906,0
0.009897,0
0.028109,0
0.012846,0
-0.000811,0
0.008565,0
0.012481,0
-0.005351,0
-0.018598,0
-0.012089,0
-0.006186,0
-0.011714,0
-0.009758,0
0.010465,0
0.023793,0
0.013631,0
0.003818,0
0.011389,0
0.015960,0
0.001077,0
-0.009598,0
0.002441,0
0.009559,0
-0.008186,0
-0.013806,0
0.016873,0
0.032421,0
-0.001240,0
-0.032157,0
-0.020109,0
0.000364,0
-0.006738,0
-0.021088,0
-0.012256,0
0.007617,0
0.018019,0
0.020593,0
0.004436,0
-0.032259,0
-0.051476,0
-0.042061,0
-0.030358,0
-0.023294,0
-0.017261,0
-0.018921,0
-0.021107,0
-0.009151,0
-0.005297,0
-0.036922,0
-0.075325,0
-0.077232,0
-0.045926,0
-0.014248,0
-0.003995,0
-0.009765,0
-0.012106,0
-0.004437,0
-0.001084,0
-0.009092,0
-0.002253,0
0.021441,0
0.014188,0
-0.017646,0
-0.017317,0
0.004091,0
0.012812,0
0.024660,0
0.030974,0
0.014275,0
0.000719,0
-0.011996,0
-0.032388,0
-0.023868,0
0.026362,0
0.074916,0
0.077629,0
0.049727,0
0.034285,0
0.036252,0
0.030742,0
0.002549,0
-0.019807,0
-0.001039,0
0.021153,0
-0.008368,0
-0.056561,0
-0.055232,0
-0.010729,0
0.014669,0
0.000109,0
0.000276,0
0.059426,0
0.104394,0
0.055055,0
-0.005867,0
0.009797,0
0.046387,0
0.051164,0
0.041485,0
0.033771,0
0.031848,0
0.028829,0
0.026219,0
0.044609,0
0.060436,0
0.043475,0
0.027537,0
0.041553,0
0.052317,0
0.017343,0
-0.031421,0
-0.032677,0
-0.005881,0
0.003989,0
0.005371,0
0.019641,0
0.040305,0
0.041223,0
0.018450,0
-0.014460,0
-0.047617,0
-0.046960,0
-0.006660,0
0.011879,0
-0.014087,0
-0.027269,0
-0.000082,0
0.009639,0
-0.034025,0
-0.058835,0
-0.015154,0
0.013390,0
-0.029156,0
-0.060092,0
-0.026773,0
-0.000410,0
-0.013276,0
0.007387,0
0.058531,0
0.054019,0
-0.004068,0
-0.068485,0
-0.112068,0
-0.100073,0
-0.039382,0
0.004777,0
-0.012058,0
-0.047307,0
-0.041720,0
0.003594,0
0.060116,0
0.083641,0
0.041389,0
-0.040168,0
-0.089033,0
-0.064101,0
-0.008906,0
0.011591,0
-0.003717,0
-0.003656,0
0.008494,0
-0.017646,0
-0.050827,0
-0.030839,0
0.004215,0
0.000100,0
-0.008893,0
0.008101,0
0.019830,0
0.021276,0
0.039639,0
0.056043,0
0.040336,0
0.020844,0
0.021018,0
0.031250,0
0.055458,0
0.060486,0
0.009818,0
-0.015616,0
0.040385,0
0.067666,0
0.016126,0
-0.009309,0
0.016207,0
0.018467,0
-0.016637,0
-0.044028,0
-0.028906,0
0.003746,0
0.016805,0
0.013413,0
-0.005447,0
-0.028054,0
-0.044699,0
-0.063929,0
-0.053864,0
-0.015860,0
-0.015523,0
-0.036411,0
-0.024017,0
-0.016141,0
-0.028331,0
-0.000729,0
0.045665,0
0.056133,0
0.075658,0
0.111710,0
0.073112,0
-0.022918,0
-0.057489,0
-0.035848,0
-0.033484,0
-0.043845,0
-0.039590,0
-0.024258,0
-0.013320,0
-0.007959,0
0.011655,0
0.025781,0
-0.004716,0
-0.046614,0
-0.041277,0
-0.003027,0
0.014126,0
-0.008729,0
-0.035157,0
-0.013059,0
0.039649,0
0.062916,0
0.040132,0
-0.001188,0
-0.006052,0
0.034593,0
0.056871,0
0.034330,0
-0.000869,0
-0.034287,0
-0.063369,0
-0.060259,0
-0.037991,0
-0.044522,0
-0.032723,0
0.041607,0
0.072202,0
0.004336,0
-0.029169,0
0.030081,0
0.043408,0
-0.043038,0
-0.095813,0
-0.060453,0
-0.019985,0
-0.003273,0
0.007926,0
0.003188,0
0.000360,0
0.026565,0
0.051294,0
0.042216,0
0.024172,0
0.030001,0
0.044096,0
0.023673,0
-0.009519,0
0.012172,0
0.044637,0
0.023309,0
-0.001678,0
-0.010637,0
-0.025041,0
-0.012027,0
0.027281,0
0.019286,0
-0.051472,0
-0.092153,0
-0.022569,0
0.099134,0
0.118392,0
0.028530,0
-0.011705,0
0.010760,0
-0.010969,0
-0.046891,0
-0.025705,0
0.030032,0
0.059564,0
0.020108,0
-0.025346,0
-0.002330,0
0.009212,0
-0.017762,0
-0.006343,0
-0.015159,0
-0.076109,0
-0.088303,0
-0.043649,0
0.013949,0
0.065957,0
0.060180,0
-0.018739,0
-0.092732,0
-0.071231,0
-0.004153,0
-0.024055,0
-0.071351,0
-0.016669,0
0.051624,0
0.008175,0
-0.094823,0
-0.107019,0
-0.006029,0
0.020724,0
-0.080837,0
-0.117680,0
-0.046987,0
-0.007920,0
-0.020971,0
-0.016099,0
0.015690,0
0.033293,0
0.025427,0
0.024899,0
0.037466,0
0.040732,0
0.026706,0
0.000339,0
-0.010512,0
0.010483,0
0.028374,0
0.021009,0
0.014321,0
0.022828,0
0.031096,0
0.032311,0
0.022141,0
-0.005792,0
-0.017569,0
0.013985,0
0.038381,0
0.019940,0
-0.005630,0
-0.017467,0
-0.017375,0
-0.000440,0
0.008286,0
-0.013025,0
-0.026458,0
-0.004551,0
0.018097,0
0.019480,0
0.003879,0
-0.030933,0
-0.045948,0
-0.008632,0
0.025325,0
0.016114,0
0.004014,0
0.012846,0
0.018303,0
0.008484,0
-0.002726,0
-0.009803,0
-0.010726,0
-0.000769,0
0.014072,0
0.028252,0
0.026138,0
-0.004765,0
-0.014691,0
0.032931,0
0.055690,0
-0.004589,0
-0.046351,0
-0.001973,0
0.039491,0
0.024348,0
0.007092,0
0.015134,0
0.025772,0
0.032926,0
0.032693,0
0.015961,0
0.005724,0
0.021733,0
0.037853,0
0.035348,0
0.031849,0
0.037527,0
0.032987,0
0.006065,0
-0.012197,0
-0.000977,0
0.010511,0
0.004354,0
-0.010959,0
-0.033627,0
-0.036375,0
0.004694,0
0.038911,0
0.029348,0
0.012092,0
0.008863,0
0.005626,0
-0.002465,0
-0.002277,0
0.012648,0
0.018671,0
0.000062,0
-0.015077,0
-0.008698,0
-0.000272,0
-0.000649,0
-0.004554,0
-0.011595,0
-0.013244,0
-0.001025,0
0.008319,0
0.002195,0
-0.010917,0
-0.026263,0
-0.031022,0
-0.013547,0
0.005674,0
0.011937,0
0.001323,0
-0.031824,0
-0.044979,0
-0.004857,0
0.030443,0
0.020265,0
0.004321,0
0.005033,0
0.000587,0
-0.019043,0
-0.029676,0
-0.017501,0
-0.009148,0
-0.020932,0
-0.029420,0
-0.021207,0
-0.009273,0
0.000114,0
-0.005252,0
-0.037971,0
-0.048533,0
0.001281,0
0.043308,0
0.030078,0
0.003620,0
-0.012877,0
-0.018044,0
-0.002634,0
0.010569,0
0.001558,0
-0.012123,0
-0.018130,0
-0.012264,0
0.011327,0
0.025203,0
0.007756,0
-0.009048,0
-0.003317,0
0.001450,0
-0.008336,0
-0.010910,0
0.006634,0
0.025336,0
0.034755,0
0.031891,0
0.008551,0
-0.006641,0
0.011297,0
0.018321,0
-0.000293,0
-0.002742,0
-0.001907,0
-0.008417,0
0.011958,0
0.033062,0
0.021600,0
0.013259,0
0.025476,0
0.034039,0
0.029127,0
0.022178,0
0.027184,0
0.035376,0
0.029796,0
0.012160,0
-0.010359,0
-0.026707,0
-0.029627,0
-0.025907,0
-0.020211,0
-0.025152,0
-0.051352,0
-0.075377,0
-0.079704,0
-0.070393,0
-0.049464,0
-0.037605,0
-0.052747,0
-0.071696,0
-0.078129,0
-0.080444,0
-0.081694,0
-0.071623,0
-0.044402,0
-0.021906,0
-0.019775,0
-0.017431,0
-0.002494,0
0.001949,0
-0.019078,0
-0.039854,0
-0.044420,0
-0.039521,0
-0.026587,0
-0.008875,0
0.009164,0
0.021231,0
0.023218,0
0.022021,0
0.022531,0
0.017767,0
0.003567,0
-0.008252,0
-0.009805,0
-0.006350,0
-0.000518,0
0.013956,0
0.040442,0
0.057991,0
0.051249,0
0.036688,0
0.023914,0
0.023270,0
0.045035,0
0.059341,0
0.042708,0
0.033743,0
0.058960,0
0.077446,0
0.062878,0
0.049438,0
0.057201,0
0.057604,0
0.034307,0
0.019476,0
0.032835,0
0.049149,0
0.054222,0
0.057398,0
0.061413,0
0.066177,0
0.074402,0
0.078765,0
0.072633,0
0.064548,0
0.060750,0
0.063216,0
0.074623,0
0.077493,0
0.057983,0
0.035155,0
0.021999,0
0.019280,0
0.030404,0
0.041134,0
0.039561,0
0.033207,0
0.026318,0
0.017305,0
0.005945,0
-0.004894,0
-0.013806,0
-0.019826,0
-0.021751,0
-0.023214,0
-0.027032,0
-0.027174,0
-0.023177,0
-0.028204,0
-0.039558,0
-0.046164,0
-0.053215,0
-0.055471,0
-0.054087,0
-0.070559,0
-0.087929,0
-0.082886,0
-0.076023,0
-0.073875,0
-0.069740,0
-0.062042,0
-0.052486,0
-0.069105,0
-0.096380,0
-0.081121,0
-0.050468,0
-0.052256,0
-0.070862,0
-0.093050,0
-0.114729,0
-0.106611,0
-0.067398,0
-0.025824,0
0.001524,0
0.008835,0
0.004309,0
-0.001949,0
-0.009449,0
-0.013220,0
-0.007023,0
0.006258,0
0.015852,0
0.018934,0
0.021122,0
0.017317,0
0.010239,0
0.008430,0
-0.000144,0
-0.016727,0
-0.020717,0
-0.011303,0
-0.010581,0
-0.033913,0
-0.065227,0
-0.076637,0
-0.067300,0
-0.053310,0
-0.037704,0
-0.028124,0
-0.043905,0
-0.065412,0
-0.059871,0
-0.045727,0
-0.047654,0
-0.045868,0
-0.033101,0
-0.032173,0
-0.048368,0
-0.076586,0
-0.095778,0
-0.056841,0
0.044691,0
0.135188,0
0.163287,0
0.161339,0
0.161214,0
0.154675,0
0.144926,0
0.137726,0
0.118359,0
0.079205,0
0.032907,0
-0.001623,0
-0.015012,0
-0.017252,0
-0.019971,0
-0.013602,0
0.000835,0
0.003874,0
0.005926,0
0.018282,0
0.018021,0
0.003971,0
0.004965,0
0.024504,0
0.029331,0
0.011837,0
0.017071,0
0.046074,0
0.041756,0
0.007168,0
-0.008831,0
-0.004971,0
0.001312,0
0.014542,0
0.036005,0
0.048874,0
0.034561,0
0.008909,0
0.003342,0
0.015310,0
0.034815,0
0.062937,0
0.079409,0
0.074209,0
0.079107,0
0.101088,0
0.100636,0
0.073534,0
0.065355,0
0.077181,0
0.058356,0
0.018950,0
0.016731,0
0.041558,0
0.039550,0
0.012693,0
0.006809,0
0.020261,0
0.012450,0
-0.006678,0
-0.004212,0
0.002427,0
-0.010489,0
-0.023662,0
-0.027601,0
-0.042663,0
-0.059477,0
-0.057422,0
-0.058198,0
-0.074108,0
-0.080977,0
-0.066011,0
-0.042203,0
-0.031469,0
-0.042130,0
-0.054893,0
-0.049070,0
-0.045569,0
-0.061231,0
-0.059399,0
-0.026726,0
-0.010145,0
-0.026617,0
-0.043485,0
-0.036778,0
-0.014069,0
-0.001311,0
-0.007464,0
-0.014729,0
-0.014085,0
-0.014076,0
-0.016608,0
-0.015981,0
-0.011622,0
-0.006095,0
-0.010551,0
-0.032709,0
-0.045278,0
-0.030190,0
-0.019390,0
-0.028174,0
-0.031968,0
-0.026865,0
-0.026752,0
-0.028550,0
-0.021791,0
-0.006807,0
0.001595,0
-0.004241,0
-0.010897,0
-0.008357,0
-0.003440,0
-0.003245,0
-0.009093,0
-0.021827,0
-0.028759,0
-0.011992,0
0.007944,0
-0.002165,0
-0.020260,0
-0.005203,0
0.021274,0
0.019038,0
0.005363,0
0.006533,0
0.013485,0
0.018826,0
0.024795,0
0.026326,0
0.017388,0
0.001827,0
-0.004195,0
0.003127,0
0.011165,0
0.017625,0
0.017966,0
0.003129,0
-0.010893,0
-0.000448,0
0.018222,0
0.016238,0
0.006626,0
0.004927,0
-0.004174,0
-0.015615,0
-0.008518,0
0.004997,0
0.007958,0
0.006968,0
0.003037,0
-0.006639,0
-0.010207,0
-0.004005,0
-0.005311,0
-0.013982,0
-0.006922,0
0.015651,0
0.032162,0
0.028764,0
0.009032,0
0.001333,0
0.018892,0
0.022422,0
-0.010359,0
-0.032473,0
-0.005298,0
0.038354,0
0.054357,0
0.048017,0
0.047613,0
0.048208,0
0.026636,0
0.006443,0
0.022716,0
0.050809,0
0.053262,0
0.032021,0
0.009022,0
0.002736,0
0.002070,0
-0.010510,0
-0.022658,0
-0.022216,0
-0.014791,0
-0.001068,0
0.015959,0
0.008328,0
-0.030639,0
-0.049681,0
-0.033384,0
-0.019818,0
0.002279,0
0.037884,0
0.028051,0
-0.018640,0
-0.023522,0
0.006516,0
0.009438,0
-0.001266,0
0.004992,0
0.007051,0
0.006198,0
0.020344,0
0.026574,0
0.007360,0
-0.009936,0
0.003070,0
0.026049,0
0.022308,0
0.001429,0
-0.001966,0
0.017635,0
0.032882,0
0.022364,0
0.003281,0
0.001623,0
0.005567,0
-0.003407,0
-0.008011,0
0.003502,0
0.010352,0
0.003700,0
0.002890,0
0.021326,0
0.029761,0
-0.002765,0
-0.037584,0
-0.030072,0
-0.003450,0
0.008965,0
0.001512,0
-0.017555,0
-0.016658,0
0.011156,0
0.012677,0
-0.020874,0
-0.024643,0
0.010900,0
0.022721,0
-0.005991,0
-0.033843,0
-0.042592,0
-0.033237,0
-0.008243,0
0.009072,0
0.005882,0
-0.002775,0
-0.006951,0
-0.009735,0
-0.011408,0
-0.012280,0
-0.016582,0
-0.012512,0
0.009764,0
0.023862,0
0.005261,0
-0.023459,0
-0.026448,0
-0.014407,0
-0.023248,0
-0.036660,0
-0.024694,0
-0.008657,0
-0.005885,0
-0.010786,0
-0.024795,0
-0.029449,0
-0.007025,0
-0.000443,0
-0.038435,0
-0.064208,0
-0.043332,0
-0.018109,0
-0.015110,0
-0.018617,0
-0.016766,0
-0.003467,0
0.021027,0
0.029077,0
0.003810,0
-0.017119,0
-0.003989,0
0.012497,0
0.006729,0
0.000821,0
0.008245,0
0.009568,0
0.000915,0
-0.001432,0
0.006031,0
0.017467,0
0.025988,0
0.023734,0
0.012231,0
0.005668,0
0.018125,0
0.034991,0
0.024789,0
-0.000494,0
-0.012336,0
-0.018758,0
-0.016649,0
0.004284,0
0.017426,0
0.013625,0
0.017210,0
0.025447,0
0.019074,0
0.008774,0
0.007319,0
-0.003900,0
-0.028990,0
-0.031897,0
0.002664,0
0.027249,0
0.009284,0
-0.003721,0
0.014655,0
0.016237,0
-0.013874,0
-0.023842,0
0.013596,0
0.055324,0
0.053104,0
0.027269,0
0.022870,0
0.034496,0
0.032858,0
0.013633,0
-0.006673,0
-0.010139,0
0.002936,0
0.018688,0
0.025684,0
0.021953,0
0.015399,0
0.008196,0
-0.004722,0
-0.017082,0
-0.011547,0
0.012576,0
0.022571,0
0.002434,0
-0.018371,0
-0.032646,0
-0.059335,0
-0.072591,0
-0.043748,0
-0.011074,0
-0.015517,0
-0.031819,0
-0.021138,0
-0.000402,0
0.000900,0
-0.005133,0
-0.005357,0
-0.007915,0
-0.015538,0
-0.021709,0
-0.019170,0
-0.013746,0
-0.017649,0
-0.022501,0
-0.016178,0
-0.009716,0
-0.014635,0
-0.019316,0
-0.011247,0
-0.000629,0
0.003592,0
0.006487,0
0.006474,0
0.009930,0
0.024584,0
0.029651,0
0.020992,0
0.025441,0
0.039871,0
0.036851,0
0.020097,0
0.009375,0
0.006259,0
0.012719,0
0.023841,0
0.012456,0
-0.024420,0
-0.033603,0
0.015782,0
0.056026,0
0.026610,0
-0.019591,0
-0.013742,0
0.016274,0
0.015556,0
-0.000364,0
0.002880,0
0.016030,0
0.019746,0
0.017912,0
0.021108,0
0.024749,0
0.019782,0
0.009714,0
-0.000398,0
-0.013129,0
-0.019496,0
-0.013945,0
-0.014186,0
-0.024618,0
-0.031544,0
-0.021326,0
0.002501,0
0.005726,0
-0.011818,0
-0.006525,0
0.009877,0
0.004611,0
-0.001204,0
-0.004916,0
-0.024008,0
-0.030388,0
-0.019643,0
-0.024452,0
-0.021961,0
0.002069,0
-0.008089,0
-0.042488,0
-0.029402,0
0.005551,0
0.002038,0
-0.007718,0
0.009419,0
0.019392,0
0.006443,0
-0.005328,0
-0.010380,0
-0.024842,0
-0.036620,0
-0.013823,0
0.019345,0
0.011730,0
-0.007697,0
0.013463,0
0.037583,0
0.015304,0
-0.016603,0
-0.007310,0
0.030579,0
0.043328,0
0.005714,0
-0.039668,0
-0.049135,0
-0.031248,0
0.000000,0
0.027177,0
0.009162,0
-0.026902,0
-0.000595,0
0.054081,0
0.044456,0
0.000929,0
0.008388,0
0.037790,0
0.006317,0
-0.036286,0
-0.009098,0
0.017149,0
-0.006572,0
-0.006543,0
0.021816,0
0.018262,0
0.000227,0
0.003101,0
-0.012460,0
-0.063105,0
-0.064602,0
0.002175,0
0.027533,0
-0.006498,0
-0.010146,0
0.019324,0
0.023870,0
0.004065,0
0.006040,0
0.032632,0
0.030672,0
-0.006376,0
-0.029948,0
-0.030772,0
-0.021264,0
0.008681,0
0.044254,0
0.048141,0
0.023810,0
0.009125,0
0.011965,0
0.002794,0
-0.010586,0
0.000052,0
0.003041,0
-0.013874,0
-0.001987,0
0.030688,0
0.028677,0
-0.012385,0
-0.039409,0
-0.029618,0
-0.036157,0
-0.067670,0
-0.056565,0
-0.004655,0
0.028459,0
0.045187,0
0.068222,0
0.070656,0
0.031661,0
-0.018247,0
-0.045901,0
-0.044582,0
-0.021558,0
-0.021236,0
-0.065443,0
-0.080256,0
-0.037773,0
-0.016668,0
-0.019436,0
0.031473,0
0.107042,0
0.105278,0
0.035481,0
0.008719,0
0.049961,0
0.072914,0
0.032963,0
-0.038810,0
-0.065101,0
0.000592,0
0.076874,0
0.081864,0
0.028423,0
-0.039786,0
-0.040985,0
0.031839,0
0.030291,0
-0.058268,0
-0.044553,0
0.073617,0
0.102433,0
0.020079,0
-0.065370,0
-0.114423,0
-0.092497,0
-0.007362,0
0.035046,0
0.016857,0
0.019002,0
0.021109,0
-0.030840,0
-0.064877,0
-0.001931,0
0.084082,0
0.087262,0
0.053175,0
0.055105,0
0.044124,0
-0.030960,0
-0.113239,0
-0.105975,0
-0.023950,0
0.034270,0
0.033730,0
-0.034541,0
-0.114849,0
-0.079456,0
0.008701,0
0.004845,0
-0.032623,0
-0.031745,0
-0.047685,0
-0.091678,0
-0.091467,0
-0.009897,0
0.092566,0
0.123947,0
0.089237,0
0.044999,0
-0.003546,0
-0.007017,0
0.055976,0
0.048977,0
-0.046912,0
-0.063059,0
0.004836,0
0.027365,0
0.011498,0
-0.011502,0
-0.048120,0
-0.010716,0
0.102556,0
0.134447,0
0.072839,0
0.016077,0
-0.045199,0
-0.070337,0
0.015434,0
0.068000,0
-0.026398,0
-0.104061,0
-0.048637,0
0.009201,0
-0.049406,0
-0.108845,0
-0.021191,0
0.086335,0
0.031690,0
-0.046756,0
0.024869,0
0.089249,0
-0.004080,0
-0.102016,0
-0.040125,0
0.089184,0
0.098434,0
0.019950,0
0.012410,0
0.037336,0
-0.015288,0
-0.075335,0
-0.043627,0
-0.005369,0
-0.059919,0
-0.099416,0
-0.041459,0
0.010460,0
0.008918,0
-0.000343,0
-0.020732,0
-0.038569,0
-0.006658,0
0.017206,0
-0.022008,0
-0.018111,0
0.052439,0
0.059486,0
0.021260,0
0.036782,0
0.059149,0
0.015236,0
-0.047071,0
-0.024256,0
0.060677,0
0.067093,0
-0.008499,0
-0.031711,0
0.022521,0
0.062401,0
0.052425,0
0.028535,0
0.000154,0
-0.017667,0
0.017168,0
0.066437,0
0.051534,0
-0.011387,0
-0.033831,0
0.008743,0
0.035057,0
0.007082,0
-0.014493,0
-0.008464,0
-0.013104,0
-0.025392,0
-0.023219,0
-0.037308,0
-0.080686,0
-0.094424,0
-0.049960,0
-0.016658,0
-0.053991,0
-0.081478,0
-0.032662,0
-0.000363,0
-0.021299,0
-0.020773,0
0.002294,0
0.020713,0
0.035572,0
0.018540,0
-0.014664,0
-0.006236,0
0.027793,0
0.032806,0
0.002208,0
-0.016744,0
0.009256,0
0.041889,0
0.040947,0
0.033615,0
0.053061,0
0.067789,0
0.032660,0
-0.024396,0
-0.056071,0
-0.052619,0
-0.005723,0
0.039317,0
0.014853,0
-0.032020,0
-0.021918,0
0.019529,0
0.024271,0
-0.004837,0
-0.018700,0
-0.005860,0
0.007634,0
0.001902,0
-0.010066,0
-0.004194,0
-0.002827,0
-0.038272,0
-0.067008,0
-0.046773,0
-0.020058,0
-0.010606,0
0.005685,0
0.020978,0
0.028014,0
0.026424,0
-0.021275,0
-0.081544,0
-0.066640,0
-0.022537,0
-0.022044,0
-0.008557,0
0.036574,0
0.041012,0
0.021927,0
0.031770,0
0.034786,0
0.011648,0
-0.023832,0
-0.042435,0
0.003998,0
0.042042,0
-0.014506,0
-0.048941,0
0.020061,0
0.067687,0
0.029444,0
-0.022968,0
-0.047334,0
-0.036996,0
-0.001031,0
0.014393,0
0.001151,0
0.003756,0
0.021013,0
0.031327,0
0.043528,0
0.036479,0
0.012280,0
0.015230,0
0.004513,0
-0.060632,0
-0.089127,0
-0.026475,0
0.032899,0
0.022707,0
-0.013459,0
-0.033995,0
-0.028482,0
-0.005267,0
0.014775,0
0.025387,0
0.003951,0
-0.024585,0
0.026227,0
0.107173,0
0.084559,0
-0.002573,0
-0.013452,0
0.058670,0
0.105527,0
0.089058,0
0.062684,0
0.031149,0
-0.026847,0
-0.032847,0
0.045867,0
0.081285,0
0.035428,0
0.008066,0
0.004417,0
-0.020094,0
-0.039209,0
-0.041190,0
-0.049448,0
-0.040642,0
-0.001976,0
0.012590,0
-0.010300,0
-0.007843,0
0.026413,0
0.016298,0
-0.037297,0
-0.056316,0
-0.029823,0
-0.000703,0
0.017699,0
0.044355,0
0.056323,0
0.008011,0
-0.046616,0
-0.039885,0
-0.018826,0
-0.032071,0
-0.057518,0
-0.064018,0
-0.030840,0
0.003938,0
-0.021408,0
-0.051403,0
-0.021337,0
0.011202,0
0.020842,0
0.026550,0
0.000572,0
-0.009291,0
0.063075,0
0.121545,0
0.081422,0
0.018582,0
0.007900,0
0.022619,0
0.009501,0
-0.034145,0
-0.080574,0
-0.093273,0
-0.063091,0
-0.045933,0
-0.069442,0
-0.067633,0
-0.007383,0
0.011483,0
-0.071752,0
-0.128108,0
-0.057848,0
0.046185,0
0.087073,0
0.081632,0
0.065902,0
0.025910,0
-0.042807,0
-0.047483,0
0.043190,0
0.072871,0
-0.029374,0
-0.101639,0
-0.027590,0
0.058794,0
0.015107,0
-0.061569,0
-0.058912,0
-0.033406,0
-0.020160,0
0.013406,0
0.027334,0
-0.008712,0
-0.023252,0
0.030596,0
0.101264,0
0.103670,0
0.055833,0
0.046475,0
0.044922,0
-0.001798,0
-0.052758,0
-0.074383,0
-0.045076,0
0.048566,0
0.138765,0
0.107394,0
-0.028489,0
-0.069700,0
0.042207,0
0.110265,0
0.058123,0
0.020144,0
0.033464,0
0.005333,0
-0.085482,0
-0.124718,0
-0.033811,0
0.033159,0
-0.048162,0
-0.084547,0
0.022878,0
0.062944,0
-0.001661,0
-0.017621,0
-0.013468,0
-0.038990,0
-0.028903,0
-0.015687,0
-0.053874,0
-0.073798,0
-0.035730,0
0.002849,0
-0.000561,0
-0.018026,0
-0.013775,0
0.000959,0
0.021343,0
0.038836,0
0.032807,0
0.028066,0
0.049452,0
0.076230,0
0.074466,0
0.012140,0
-0.081591,0
-0.109317,0
-0.065383,0
-0.031412,0
-0.014204,0
0.009367,0
0.013156,0
-0.004007,0
0.006677,0
0.047691,0
0.045922,0
-0.014223,0
-0.041280,0
-0.008200,0
0.000687,0
-0.014596,0
0.017735,0
0.055666,0
0.029775,0
-0.004223,0
0.012450,0
0.022852,0
-0.014742,0
-0.032604,0
0.005255,0
0.037060,0
0.041275,0
0.039430,0
0.010381,0
-0.033696,0
-0.032844,0
0.007408,0
0.035822,0
0.038034,0
0.022504,0
0.009149,0
0.023166,0
0.049377,0
0.050223,0
0.019004,0
-0.017517,0
-0.022309,0
-0.002409,0
-0.000571,0
-0.002848,0
0.026445,0
0.048994,0
0.016262,0
-0.031974,0
-0.028382,0
0.006247,0
0.007882,0
-0.027443,0
-0.053245,0
-0.030768,0
0.010909,0
0.006001,0
-0.029162,0
-0.031336,0
-0.005098,0
0.004719,0
-0.008632,0
-0.006055,0
0.025080,0
0.028055,0
-0.016718,0
-0.038207,0
-0.001079,0
0.047211,0
0.050634,0
0.005737,0
-0.031355,0
-0.034020,0
-0.034591,0
-0.036397,0
-0.022702,0
-0.016560,0
-0.019885,0
0.005492,0
0.048604,0
0.062234,0
0.037037,0
0.003515,0
-0.011010,0
-0.012131,0
-0.011060,0
-0.015283,0
-0.024537,0
-0.018816,0
-0.008416,0
-0.027769,0
-0.057743,0
-0.054896,0
-0.040871,0
-0.063887,0
-0.102656,0
-0.106428,0
-0.086766,0
-0.081166,0
-0.071262,0
-0.027419,0
0.018973,0
0.033300,0
0.032267,0
0.031881,0
0.028583,0
0.030737,0
0.046016,0
0.058549,0
0.059030,0
0.067144,0
0.081301,0
0.074984,0
0.068425,0
0.086788,0
0.088812,0
0.056378,0
0.042694,0
0.067683,0
0.075768,0
0.024023,0
-0.045311,0
-0.063765,0
-0.028562,0
0.001430,0
-0.009784,0
-0.030219,0
-0.030657,0
-0.021385,0
-0.006012,0
0.014455,0
0.020627,0
0.008751,0
0.002504,0
0.016159,0
0.025155,0
-0.000562,0
-0.030830,0
-0.022060,0
0.003874,0
0.009597,0
0.000052,0
-0.008132,0
-0.015319,0
-0.026806,0
-0.041250,0
-0.051152,0
-0.047568,0
-0.035161,0
-0.018709,0
0.006549,0
0.023910,0
0.023210,0
0.019958,0
0.015978,0
0.014746,0
0.025673,0
0.031765,0
0.012009,0
-0.019551,0
-0.030853,0
-0.009406,0
0.022142,0
0.027538,0
0.013310,0
0.010757,0
0.006920,0
-0.011947,0
-0.019565,0
-0.014097,0
-0.014449,0
-0.004419,0
0.023653,0
0.026010,0
-0.009470,0
-0.025014,0
-0.002503,0
0.008945,0
-0.008566,0
-0.032912,0
