Command: /home/vedant/.espressif/python_env/idf5.5_py3.10_env/bin/python /home/vedant/esp/esp-idf/tools/idf_monitor.py -p /dev/ttyUSB0 -b 115200 --toolchain-prefix xtensa-esp32-elf- --target esp32 --revision 0 /home/vedant/Bidex_Hand_Project/eog_bioamp/build/eog_bioamp.elf /home/vedant/Bidex_Hand_Project/eog_bioamp/build/bootloader/bootloader.elf -m '/home/vedant/.espressif/python_env/idf5.5_py3.10_env/bin/python' '/home/vedant/esp/esp-idf/tools/idf.py'
bling RNG eaets Jul 29 2019 12:21:46

rst:0x1 (POWERON_RESET),boot:0x13 (SPI_FAST_FLASH_BOOT)
configsip: 0, SPIWP:0xee
clk_drv:0x00,q_drv:0x00,d_drv:0x00,cs0_drv:0x00,hd_drv:0x00,wp_drv:0x00
mode:DIO, clock div:2
load:0x3fff0030,len:6380
ho 0 tail 12 room 4
load:0x40078000,len:15916
load:0x40080400,len:3860
entry 0x40080638
[0;32mI (29) boot: ESP-IDF v5.5 2nd stage bootloader[0m
[0;32mI (29) boot: compile time Jan 13 2026 13:56:03[0m
[0;32mI (29) boot: Multicore bootloader[0m
[0;32mI (30) boot: chip revision: v3.1[0m
[0;32mI (33) boot.esp32: SPI Speed      : 40MHz[0m
[0;32mI (37) boot.esp32: SPI Mode       : DIO[0m
[0;32mI (40) boot.esp32: SPI Flash Size : 2MB[0m
[0;32mI (44) boot: Enabling RNG early entropy source...[0m
[0;32mI (49) boot: Partition Table:[0m
[0;32mI (51) boot: ## Label            Usage          Type ST Offset   Length[0m
[0;32mI (57) boot:  0 nvs              WiFi data        01 02 00009000 00006000[0m
[0;32mI (64) boot:  1 phy_init         RF data          01 01 0000f000 00001000[0m
[0;32mI (71) boot:  2 factory          factory app      00 00 00010000 00100000[0m
[0;32mI (77) boot: End of partition table[0m
[0;32mI (80) esp_image: segment 0: paddr=00010020 vaddr=3f400020 size=0c300h ( 49920) map[0m
[0;32mI (105) esp_image: segment 1: paddr=0001c328 vaddr=3ff80000 size=00020h (    32) load[0m
[0;32mI (105) esp_image: segment 2: paddr=0001c350 vaddr=3ffb0000 size=03178h ( 12664) load[0m
[0;32mI (114) esp_image: segment 3: paddr=0001f4d0 vaddr=40080000 size=00b48h (  2888) load[0m
[0;32mI (118) esp_image: segment 4: paddr=00020020 vaddr=400d0020 size=279c8h (162248) map[0m
[0;32mI (179) esp_image: segment 5: paddr=000479f0 vaddr=40080b48 size=1042ch ( 66604) load[0m
[0;32mI (214) boot: Loaded app from partition at offset 0x10000[0m
[0;32mI (214) boot: Disabling RNG early entropy source...[0m
[0;32mI (224) cpu_start: Multicore app[0m
[0;32mI (233) cpu_start: Pro cpu start user code[0m
[0;32mI (233) cpu_start: cpu freq: 160000000 Hz[0m
[0;32mI (233) app_init: Application information:[0m
[0;32mI (233) app_init: Project name:     eog_bioamp[0m
[0;32mI (237) app_init: App version:      1[0m
[0;32mI (240) app_init: Compile time:     Jan 13 2026 13:55:47[0m
[0;32mI (245) app_init: ELF file SHA256:  fa56e232e...[0m
[0;32mI (250) app_init: ESP-IDF:          v5.5[0m
[0;32mI (253) efuse_init: Min chip rev:     v0.0[0m
[0;32mI (257) efuse_init: Max chip rev:     v3.99 [0m
[0;32mI (261) efuse_init: Chip rev:         v3.1[0m
[0;32mI (265) heap_init: Initializing. RAM available for dynamic allocation:[0m
[0;32mI (271) heap_init: At 3FFAE6E0 len 00001920 (6 KiB): DRAM[0m
[0;32mI (276) heap_init: At 3FFB61F8 len 00029E08 (167 KiB): DRAM[0m
[0;32mI (282) heap_init: At 3FFE0440 len 00003AE0 (14 KiB): D/IRAM[0m
[0;32mI (287) heap_init: At 3FFE4350 len 0001BCB0 (111 KiB): D/IRAM[0m
[0;32mI (293) heap_init: At 40090F74 len 0000F08C (60 KiB): IRAM[0m
[0;33mW (299) spi_flash: boya detected but related driver is not linked, please check option `SPI_FLASH_SUPPORT_BOYA_CHIP`[0m
[0;32mI (308) spi_flash: detected chip: generic[0m
[0;32mI (312) spi_flash: flash io: dio[0m
[0;33mW (315) spi_flash: Detected size(4096k) larger than the size in the binary image header(2048k). Using the size in the binary image header.[0m
[0;33mW (327) ADC: legacy driver is deprecated, please migrate to `esp_adc/adc_oneshot.h`[0m
[0;32mI (335) main_task: Started on CPU0[0m
[0;32mI (345) main_task: Calling app_main()[0m
ESP32 EOG Blink Detection Started (GPIO34)
-0.088407,0
-0.260743,0
-0.221529,0
0.000169,0
0.026994,0
-0.088896,0
-0.107868,0
-0.040923,0
0.039683,0
0.068964,0
0.020494,0
-0.009198,0
0.037909,0
0.076722,0
0.058250,0
0.033757,0
0.027575,0
0.018979,0
0.002975,0
-0.006610,0
-0.005219,0
0.006682,0
0.032470,0
0.064165,0
0.094090,1
0.103201,1
0.076297,0
0.043834,0
0.027471,0
0.027408,0
0.047976,0
0.028516,0
-0.079413,0
-0.156172,0
-0.115100,0
-0.051766,0
-0.024946,0
-0.012650,0
-0.013809,0
0.013994,0
0.111493,1
0.166288,1
0.093059,0
0.006712,0
-0.016527,0
0.004621,0
0.072957,0
0.104245,0
0.025179,0
-0.048365,0
-0.033016,0
0.008683,0
0.043236,0
0.048306,0
-0.005513,0
-0.007916,0
0.128303,1
0.189976,1
0.023133,0
-0.110139,0
-0.033965,0
0.060272,0
0.062582,0
0.045100,0
0.029240,0
0.020494,0
0.043044,0
0.043426,0
-0.026248,0
-0.078954,0
-0.050580,0
0.013833,0
0.090021,1
0.104500,1
-0.008494,0
-0.091027,0
-0.025717,0
0.038620,0
0.005838,0
-0.041436,0
-0.062209,0
-0.036598,0
0.067828,0
0.117283,1
0.004143,0
-0.091864,0
-0.044629,0
0.007339,0
-0.018928,0
-0.051576,0
-0.058595,0
-0.052035,0
-0.025127,0
-0.005125,0
-0.020165,0
-0.035330,0
-0.024011,0
-0.012058,0
-0.015580,0
-0.018373,0
-0.011946,0
-0.004358,0
0.001325,0
-0.005018,0
-0.033298,0
-0.048996,0
-0.025742,0
-0.009287,0
-0.031134,0
-0.054256,0
-0.056252,0
-0.051821,0
-0.046028,0
-0.044493,0
-0.055405,0
-0.054968,0
-0.023945,0
-0.004854,0
-0.028326,0
-0.052130,0
-0.048971,0
-0.053631,0
-0.086518,0
-0.087484,0
-0.015942,0
0.039031,1
0.016963,0
0.004223,0
0.054810,1
0.066136,0
-0.027453,0
-0.094298,0
-0.048478,0
0.012501,0
0.033151,0
0.058442,0
0.105302,1
0.110762,0
0.037072,0
-0.020202,0
0.002280,0
0.023116,0
-0.006349,0
-0.027720,0
-0.009738,0
0.007458,0
0.004042,0
0.017454,0
0.068213,1
0.072214,1
-0.028777,0
-0.092549,0
-0.020452,0
0.041496,0
-0.000006,0
-0.031675,0
0.011306,0
0.047196,0
0.033061,0
0.014158,0
0.009483,0
0.018927,0
0.053141,0
0.061578,0
0.001129,0
-0.047276,0
-0.025022,0
0.011463,0
0.028728,0
0.025706,0
-0.008319,0
-0.043820,0
-0.054649,0
-0.049342,0
-0.032369,0
-0.011802,0
0.004508,0
0.005074,0
-0.019509,0
-0.029732,0
0.003890,0
0.028418,0
0.007520,0
-0.024164,0
-0.047334,0
-0.049494,0
-0.014544,0
0.026783,0
0.049783,1
0.048552,0
0.015338,0
-0.014824,0
-0.014319,0
-0.005916,0
-0.003413,0
-0.010168,0
-0.032573,0
-0.028250,0
0.036630,0
0.075674,1
0.026155,0
-0.014064,0
0.019981,0
0.055357,0
0.050078,0
0.034513,0
0.019060,0
0.008853,0
0.015759,0
0.022701,0
0.014215,0
0.011237,0
0.029006,0
0.038397,0
0.019442,0
-0.002195,0
-0.010651,0
-0.012672,0
-0.009109,0
0.004478,0
0.029374,0
0.041485,0
0.023283,0
0.006751,0
0.013541,0
0.019176,0
0.009315,0
0.007599,0
0.028093,0
0.031605,0
-0.008136,0
-0.039167,0
-0.026965,0
-0.025512,0
-0.068905,0
-0.103728,0
-0.097179,0
-0.057352,0
0.018403,0
0.063070,1
0.020549,0
-0.024641,0
-0.012906,0
0.010859,0
0.023309,0
0.031767,0
0.033043,0
0.026639,0
0.015967,0
0.007288,0
0.004005,0
-0.002023,0
-0.015812,0
-0.025793,0
-0.024331,0
-0.022214,0
-0.025999,0
-0.022892,0
-0.004773,0
0.009960,0
0.009073,0
-0.000631,0
-0.016589,0
-0.028413,0
-0.026282,0
-0.014810,0
0.002966,0
0.011602,0
-0.001677,0
-0.013829,0
-0.008417,0
-0.000899,0
-0.000095,0
0.000319,0
0.002558,0
0.012964,0
0.038172,0
0.039805,0
-0.011858,0
-0.045842,0
-0.011328,0
0.018180,0
-0.005029,0
-0.024610,0
-0.008286,0
0.010513,0
0.015869,0
0.017783,0
0.016731,0
0.003505,0
-0.025297,0
-0.037303,0
-0.009583,0
0.011275,0
-0.006367,0
-0.018575,0
0.002057,0
0.001423,0
-0.055385,0
-0.067882,0
0.033451,0
0.113330,1
0.080851,0
0.028597,0
0.008512,0
-0.000650,0
0.001870,0
0.008207,0
0.003982,0
-0.006277,0
-0.017088,0
-0.024455,0
-0.025595,0
-0.014372,0
0.014705,0
0.013370,0
-0.055323,0
-0.079981,0
0.020509,0
0.101044,1
0.062554,0
0.015148,0
0.024383,0
0.027571,0
-0.005490,0
-0.031294,0
-0.029168,0
-0.022326,0
-0.019385,0
-0.017584,0
-0.020805,0
-0.010296,0
0.030901,0
0.064913,1
0.063779,1
0.059372,0
0.072201,0
0.084511,0
0.083768,0
0.061424,0
0.012445,0
-0.059903,0
-0.153404,0
-0.159564,0
0.005734,0
0.157087,0
0.181653,0
0.212823,0
0.290839,1
0.357812,1
0.392972,0
0.401022,0
0.421698,0
0.475807,0
0.464510,0
0.319458,0
0.233030,0
0.340714,0
0.383581,0
0.186914,0
-0.028095,0
-0.127399,0
-0.233978,0
-0.405418,0
-0.536758,0
-0.594669,0
-0.660782,0
-0.740875,0
-0.796082,0
-0.804100,0
-0.774536,0
-0.729225,0
-0.657722,0
-0.570869,0
-0.490608,1
-0.414646,1
-0.337490,1
-0.252342,1
-0.155212,1
-0.062649,1
0.030914,1
0.142288,1
0.250252,1
0.326313,1
0.338543,0
0.297615,0
0.284021,0
0.323369,0
0.339921,0
0.298623,0
0.243851,0
0.192962,0
0.148529,0
0.123700,0
0.100169,0
0.058700,0
0.011838,0
-0.030508,0
-0.066419,0
-0.085588,0
-0.087701,0
-0.092045,0
-0.106584,0
-0.133643,0
-0.184309,0
-0.215966,0
-0.186212,0
-0.157729,0
-0.182961,0
-0.189491,0
-0.123878,0
-0.084278,1
-0.138329,0
-0.159130,0
-0.061954,1
0.000393,1
-0.071903,0
-0.118862,0
-0.039757,0
0.046989,1
0.075321,1
0.088398,1
0.097569,0
0.108265,0
0.137222,0
0.173576,0
0.205116,0
0.211304,0
0.176514,0
0.156067,0
0.190590,0
0.226189,0
0.228188,0
0.222321,0
0.220123,0
0.221008,0
0.230171,0
0.240189,0
0.243286,0
0.241013,0
0.234566,0
0.222542,0
0.204086,0
0.196327,0
0.212532,0
0.225761,0
0.217133,0
0.185753,0
0.127304,0
0.087349,0
0.102577,0
0.117119,0
0.092377,0
0.075127,0
0.093948,0
0.116951,0
0.127205,0
0.133522,0
0.136497,0
0.126526,0
0.099380,0
0.065487,0
0.030750,0
0.006351,0
0.002918,0
0.008121,0
0.013004,0
0.014858,0
0.010162,0
0.004368,0
0.001876,0
-0.003322,0
-0.015358,0
-0.033636,0
-0.058405,0
-0.085807,0
-0.112477,0
-0.125942,0
-0.116253,0
-0.101789,0
-0.095572,0
-0.089563,0
-0.080177,0
-0.081152,0
-0.101494,0
-0.122746,0
-0.132515,0
-0.132126,0
-0.119816,0
-0.105957,0
-0.099663,0
-0.100807,0
-0.109905,0
-0.118576,0
-0.120136,0
-0.120800,0
-0.124561,0
-0.119331,0
-0.096741,0
-0.078957,0
-0.081646,0
-0.085438,0
-0.078335,0
-0.068954,0
-0.060844,0
-0.077335,0
-0.138561,0
-0.177288,0
-0.142925,0
-0.102421,0
-0.099644,0
-0.102966,0
-0.097939,0
-0.077705,0
-0.029926,1
-0.008011,1
-0.055138,0
-0.086605,0
-0.041943,0
-0.009731,0
-0.047478,0
-0.076595,0
-0.049728,0
-0.025837,0
-0.037289,0
-0.054195,0
-0.064541,0
-0.061123,0
-0.031086,0
-0.004131,0
-0.004505,0
-0.004166,0
0.015499,0
0.021946,0
-0.008602,0
-0.042835,0
-0.052303,0
-0.030266,0
0.027412,0
0.069508,1
0.055950,0
0.041067,0
0.062502,0
0.062572,0
0.002474,0
-0.046833,0
-0.030714,0
-0.010462,0
-0.038525,0
-0.068802,0
-0.059320,0
-0.016901,0
0.049625,1
0.083491,1
0.041024,0
-0.000871,0
0.009944,0
0.026361,0
0.029882,0
0.034773,0
0.035422,0
0.036844,0
0.048442,0
0.053360,0
0.038228,0
0.025644,0
0.032796,0
0.039595,0
0.036777,0
0.036393,0
0.038581,0
0.045991,0
0.062004,0
0.057643,0
0.010468,0
-0.023506,0
0.001524,0
0.026525,0
0.018884,0
0.018691,0
0.023926,0
0.015897,0
-0.004897,0
-0.025016,0
-0.001200,0
0.039886,0
0.024473,0
-0.006089,0
0.013706,0
0.034777,0
0.005908,0
-0.024978,0
-0.009233,0
0.025118,0
0.035561,0
0.014119,0
-0.013282,0
-0.003916,0
0.028754,0
0.014762,0
-0.040635,0
-0.043490,0
0.028923,0
0.082128,1
0.066541,0
0.054596,0
0.091438,0
0.116782,1
0.088578,0
0.038349,0
0.000726,0
-0.007945,0
0.008490,0
0.018394,0
0.006724,0
-0.009171,0
-0.015110,0
-0.000568,0
0.028861,0
0.030843,0
-0.003851,0
-0.023733,0
-0.009280,0
0.000198,0
-0.017158,0
-0.040886,0
-0.049463,0
-0.024384,0
0.028843,0
0.040895,1
-0.016808,0
-0.049564,0
-0.002738,0
0.038814,0
0.019383,0
-0.012068,0
-0.023854,0
-0.027571,0
-0.027006,0
-0.011221,0
0.031572,0
0.070178,1
0.061821,0
0.033731,0
0.027828,0
0.032921,0
0.035597,0
0.047206,0
0.060545,0
0.044735,0
0.013562,0
0.015083,0
0.028493,0
0.004814,0
-0.032804,0
-0.040890,0
-0.030972,0
-0.035358,0
-0.047024,0
-0.039009,0
-0.012891,0
0.005429,0
0.002586,0
-0.010482,0
-0.025778,0
-0.037279,0
-0.035759,0
-0.035733,0
-0.045534,0
-0.040131,0
-0.015505,0
-0.013237,0
-0.054008,0
-0.070408,0
0.000969,0
0.076685,1
0.062262,1
0.015739,0
0.000484,0
-0.006193,0
-0.012121,0
-0.007470,0
0.000607,0
0.014470,0
0.029446,0
0.024976,0
0.004722,0
-0.008456,0
-0.016585,0
-0.036696,0
-0.045582,0
-0.031442,0
-0.042743,0
-0.063793,0
-0.026751,0
0.018144,0
-0.008233,0
-0.047831,0
-0.034397,0
-0.018408,0
-0.038522,0
-0.039740,0
0.008865,0
0.033027,0
-0.013590,0
-0.051504,0
-0.028124,0
0.022564,0
0.064511,1
0.039903,0
-0.051018,0
-0.081425,0
-0.013292,0
0.039943,0
0.039942,0
0.038823,0
0.044830,0
0.051945,0
0.059662,0
0.046111,0
0.012177,0
0.007019,0
0.063274,0
0.113627,1
0.086226,0
0.030092,0
0.013915,0
0.023054,0
0.007097,0
-0.052138,0
-0.119959,0
-0.138506,0
-0.100548,0
-0.053656,0
-0.014578,0
0.022347,0
0.030207,0
0.005318,0
-0.007601,0
0.005336,0
0.018150,0
0.012923,0
-0.006646,0
-0.011391,0
0.011796,0
0.036107,0
0.047283,0
0.048928,0
0.036755,0
0.014453,0
-0.008468,0
-0.027665,0
-0.038486,0
-0.030554,0
0.006087,0
0.048705,0
0.057395,0
0.031906,0
-0.007129,0
-0.041713,0
-0.047819,0
-0.026774,0
-0.017212,0
-0.048742,0
-0.082093,0
-0.056633,0
-0.003834,0
0.009977,0
-0.005299,0
-0.006712,0
-0.000604,0
-0.032566,0
-0.101215,0
-0.141800,0
-0.126286,0
-0.088381,0
-0.039430,0
0.033099,0
0.090476,1
0.083116,0
0.043394,0
0.017609,0
-0.007439,0
-0.030952,0
-0.026208,0
0.001734,0
0.028487,0
0.036555,0
0.031222,0
0.029642,0
0.022489,0
0.003016,0
-0.006091,0
0.004284,0
0.019803,0
0.025670,0
0.020980,0
0.033583,0
0.083910,1
0.130049,1
0.127584,1
0.101788,0
0.077627,0
0.046196,0
0.020164,0
0.012374,0
0.012597,0
0.018979,0
0.027347,0
0.013306,0
-0.022726,0
-0.037011,0
-0.017507,0
-0.007586,0
-0.018180,0
-0.009365,0
0.014697,0
0.010395,0
-0.008530,0
-0.008017,0
0.002254,0
0.014339,0
0.030652,0
0.029867,0
-0.003320,0
-0.036459,0
-0.039571,0
-0.041580,0
-0.065943,0
-0.076596,0
-0.043307,0
0.004972,0
0.023990,0
0.011870,0
-0.001327,0
-0.013547,0
-0.035247,0
-0.022375,0
0.035709,0
0.056607,1
0.018625,0
-0.015613,0
-0.029708,0
-0.044973,0
-0.051843,0
-0.031507,0
-0.012303,0
-0.022968,0
-0.038600,0
-0.052517,0
-0.073524,0
-0.074652,0
-0.048955,0
-0.017946,0
0.007752,0
0.024850,1
0.039336,1
0.044704,0
0.021418,0
-0.005916,0
-0.003467,0
0.003466,0
-0.013967,0
-0.034354,0
-0.026285,0
0.005512,0
0.035854,0
0.056167,1
0.060077,1
0.042798,0
0.022225,0
0.008669,0
-0.007715,0
-0.025984,0
-0.031527,0
-0.025194,0
-0.016145,0
-0.007162,0
-0.010594,0
-0.011470,0
0.018775,0
0.045747,1
0.027358,0
-0.017087,0
-0.039727,0
-0.022246,0
-0.010383,0
-0.037731,0
-0.054272,0
-0.025576,0
0.001166,0
-0.003886,0
-0.006392,0
0.012406,0
0.023111,0
0.010928,0
0.002791,0
0.019408,0
0.050948,0
0.078466,1
0.094148,1
0.099888,1
0.091743,0
0.064187,0
0.026297,0
0.004345,0
0.015690,0
0.040812,0
0.043706,0
0.016423,0
-0.000673,0
0.027820,0
0.063878,0
0.054461,0
0.019179,0
0.005126,0
0.015447,0
0.021041,0
0.002391,0
-0.024420,0
-0.030201,0
-0.026724,0
-0.041017,0
-0.058306,0
-0.051770,0
-0.024188,0
-0.013846,0
-0.042995,0
-0.064399,0
-0.045235,0
-0.027492,0
-0.041960,0
-0.062488,0
-0.068048,0
-0.063249,0
-0.044482,0
-0.016238,0
0.007736,1
0.022461,1
0.018683,0
0.000774,0
-0.011070,0
-0.014315,0
-0.012035,0
0.003499,0
0.022163,0
0.022188,0
0.011469,0
0.007357,0
0.001930,0
-0.011274,0
-0.016940,0
-0.015647,0
-0.024166,0
-0.030352,0
-0.022509,0
-0.011804,0
0.002739,0
0.015997,0
0.014122,0
0.003098,0
-0.007357,0
-0.017195,0
-0.033982,0
-0.051460,0
-0.044356,0
-0.013261,0
0.019010,0
0.042300,1
0.043486,0
0.015904,0
-0.017209,0
-0.035260,0
-0.030922,0
-0.010298,0
-0.007249,0
-0.031426,0
-0.039509,0
-0.010228,0
0.018990,0
0.023345,0
0.025367,0
0.041893,0
0.061890,1
0.068371,1
0.066012,0
0.072698,0
0.067469,0
0.031094,0
0.002036,0
0.008793,0
0.033600,0
0.047555,0
0.027361,0
-0.008390,0
-0.013352,0
0.003514,0
0.005697,0
-0.002002,0
0.000114,0
0.027052,0
0.073114,1
0.098608,1
0.089861,1
0.075579,0
0.064670,0
0.047048,0
0.027801,0
0.005968,0
-0.021844,0
-0.033384,0
-0.024843,0
-0.028377,0
-0.045654,0
-0.045300,0
-0.027582,0
-0.019719,0
-0.024920,0
-0.042399,0
-0.085016,0
-0.127988,0
-0.126350,0
-0.092972,0
-0.072402,0
-0.060225,0
-0.036124,0
-0.025586,0
-0.040374,0
-0.044299,0
-0.025978,0
-0.009760,0
-0.009350,0
-0.020838,0
-0.028886,0
-0.019271,0
0.009704,0
0.043908,1
0.049223,1
0.012885,0
-0.012985,0
0.005975,0
0.012914,0
-0.024029,0
-0.037879,0
0.002122,0
0.030364,0
0.019571,0
0.026111,0
0.065531,1
0.079016,1
0.044319,0
0.007717,0
0.002208,0
0.011047,0
0.003268,0
-0.018010,0
-0.019120,0
-0.008824,0
-0.026440,0
-0.064961,0
-0.099136,0
-0.122301,0
-0.128314,0
-0.121583,0
-0.125854,0
-0.143600,0
-0.146696,0
-0.128726,0
-0.110793,0
-0.105293,0
-0.095324,0
-0.051106,1
0.010620,1
0.040680,1
0.044661,1
0.070467,1
0.110407,1
0.112825,0
0.087729,0
0.094770,0
0.141678,0
0.180515,1
0.184937,1
0.171822,0
0.157799,0
0.143360,0
0.133333,0
0.133930,0
0.131805,0
0.111744,0
0.086720,0
0.083954,0
0.110786,0
0.130682,0
0.113083,0
0.094063,0
0.097115,0
0.085928,0
0.053663,0
0.038010,0
0.044941,0
0.048887,0
0.039613,0
0.016156,0
-0.004381,0
0.003329,0
0.016665,0
0.014967,0
0.012143,0
-0.007766,0
-0.049672,0
-0.071934,0
-0.061985,0
-0.045252,0
-0.031258,0
-0.007590,0
0.024254,0
0.034173,1
0.012298,0
-0.006528,0
-0.005246,0
-0.005728,0
-0.014143,0
-0.018075,0
-0.015114,0
-0.006016,0
-0.000092,0
-0.007801,0
-0.022535,0
-0.036810,0
-0.046244,0
-0.055946,0
-0.082832,0
-0.109388,0
-0.101677,0
-0.086426,0
-0.102512,0
-0.124504,0
-0.128712,0
-0.145336,0
-0.182224,0
-0.198605,0
-0.193897,0
-0.192516,0
-0.169716,0
-0.104185,0
-0.016615,1
0.051146,1
0.081051,1
0.101461,1
0.126024,0
0.144932,0
0.154367,0
0.154902,0
0.154228,0
0.157061,0
0.146765,0
0.111731,0
0.085554,0
0.091940,0
0.090092,0
0.052792,0
0.011536,0
-0.015224,0
-0.040791,0
-0.069595,0
-0.096485,0
-0.120838,0
-0.142776,0
-0.160740,0
-0.163532,0
-0.143116,0
-0.127129,0
-0.135475,0
-0.149883,0
-0.159840,0
-0.161072,0
-0.147228,0
-0.132465,0
-0.128666,0
-0.124233,0
-0.111311,0
-0.106560,0
-0.123173,0
-0.131968,0
-0.112564,0
-0.100187,0
-0.117889,0
-0.154373,0
-0.206038,0
-0.259148,0
-0.278455,0
-0.256673,0
-0.229313,0
-0.214813,0
-0.199466,0
-0.181434,0
-0.180058,0
-0.195103,0
-0.190086,0
-0.151598,1
-0.105988,1
-0.066303,1
-0.027107,1
0.029305,1
0.114616,1
0.200340,1
0.257061,1
0.290977,1
0.319359,0
0.351250,0
0.376831,0
0.384529,0
0.394409,0
0.418953,0
0.441093,0
0.462929,0
0.483154,1
0.485168,0
0.479965,0
0.468422,0
0.432663,0
0.383850,0
0.342255,0
0.313171,0
0.293388,0
0.270355,0
0.238625,0
0.209846,0
0.189583,0
0.167152,0
0.137169,0
0.105495,0
0.068382,0
0.027206,0
0.008682,0
0.009220,0
-0.015846,0
-0.061695,0
-0.075214,0
-0.051487,0
-0.038658,0
-0.063816,0
-0.104633,0
-0.129793,0
-0.131495,0
-0.126384,0
-0.131921,0
-0.141284,0
-0.143917,0
-0.136332,0
-0.120578,0
-0.112083,0
-0.116427,0
-0.120771,0
-0.115488,0
-0.109898,0
-0.122408,0
-0.147280,0
-0.162676,0
-0.168530,0
-0.172871,0
-0.156590,0
-0.112774,0
-0.084625,1
-0.090771,0
-0.097530,0
-0.094986,0
-0.104229,0
-0.130592,0
-0.158089,0
-0.160702,0
-0.133751,0
-0.111187,0
-0.101246,0
-0.079380,0
-0.054485,1
-0.046200,1
-0.051815,0
-0.067120,0
-0.082336,0
-0.083305,0
-0.076908,0
-0.074432,0
-0.056309,0
-0.016521,0
.1
0.0
.00,0
0.021969,0
0.016764,0
007612,0
-0.025188,0
-0.022955,0
-0.020287,0
-0.032179,0
-0.037701,0
-0.021856,0
0003492,0
0.025419,0
0.039499,0
0.043728,0
0.031639,0
0.002924,0
05234,0
--0.007936,0
0.003677,0
0.010717,0
085,0
0.006658,0
0.038079,0
0.061909,0
0.058136,0
0.033839,0
-2192,0
-00
0.007190.031515,0
0.021613,0
0.004257,0
0.012846,0
0.031283,0
0482,0
0-0.004854,0
-0.022102,0
-0.032099,0
-0.025865,0
.0.010333,0
-0.008385,0
-0.023645,0
-0.012578,0
.0.010331,0
0.013490,0
0.004657,0
-0.004249,0
0-0.012272,0
-0.028345,0
-0.020590,0
0-0.006105,0
-0.010701,0
0.011230,0
.0.036529,0
0.025555,0

-0.004289,0
-0.031258,0
0-0.022927,0
0.003546,0
.,0
-0.024467,0
-0.057458,0
-0.063732,0
-0.036560,0
-0.005183,0
.-0.001271,0
0.001169,0
-0.003946,0
0,0
0.012832,0
0.040624,0
0.047290,0
0.040272,0
09706,0
0.18374,0
0.007511,0
-0.003857,0
-0.014411,0
-0.020832,0
0,0.001224,0
-0.000424,0
.0.008797,0
0.006956,0
.2-0.002240,0
0.004007,0
0.010239,0
0.012020,0
00.000680,0
0.004535,0
-0.002234,0
00-0.001216,0
90.002906,0
0.001931,0
0.000983,0
.7,0
-0.000898,0
-0.004324,0
-0.004524,0
0.002737,0
07572,0
0.0.019650,0
0.014713,0
0.009291,0
.0.009641,0
00.006986,0
0.005972,0
0.004979,0
00.001018,0
-0.008259,0
-0.014736,0
-013846,0
-06124,0
0.009306,0
0.019548,0
0.014121,0
0.007127,0
0.007782,0
0.004374,0
-0.010655,0
.-0.000715,0
0.013452,0
0.009462,0
-0.001625,0
-0.015115,0
-0.018034,0
.0
0.0-0.005833,0
0.004876,0
60.004220,0
-0.001589,0
0.003647,0
0.008168,0
0.005272,0
00.011462,0
.0.009322,0
0.009176,0
0.008224,0
0.006976,0
0.006480,0
0005865,0
00.004907,0
0.004434,0
0.004030,0
0.003569,0
00
0.0.002473,0
0.002161,0
0.001855,0
0.001617,0
0.001261,0
0.,0
0.000623,0
-0.001631,0
-0.002776,0
-0.000218,0
0.001285,0
-0.001411,0
.5,0
0.86,0
-0.007660,0
-0.006811,0
-0.007684,0
-0.012790,0
-0.014482,0
-0.006941,0
-00841,0
-03349,0
-006933,0
-0.007222,0
-0.006757,0
-0.005745,0
-0.002069,0
0.005038,0
6-0.002514,0
-0.006274,0
0.007487,0
0.017578,0
009752,0
0781,0
0.12,0
.00.030501,0
0.031745,0
.32,0
0.0.017066,0
0.021171,0
0.011380,0
0.006263,0
0.020275,0
0824,0
0.-0.011821,0
-0.018674,0
-0.024765,0
-0.015491,0
-0.004336,0
0.002638,0
005915,0
0002734,0
-.002003,0
-0.003417,0
-0.009359,0
-0.025754,0
-0.029790,0
-0.004873,0
0.021486,0
0.030764,0
0.031251,0
0.025167,0
0.011567,0
--0.011471,0
0-0.005748,0
-0.001610,0
03411,0
2,0.010275,0
0.000518,0
-0.006744,0
0-0.003401,0
-0.024683,0
-0.031535,0
0
0.023943,0
0.010791,0
-0.001549,0
0.010265,0
0442,0
-03247,0
-00.008929,0
0.016589,0
0.010466,0
0.000544,0
-0.008372,0
00.000006,0
0.008809,0
0.004174,0
0.000376,0
0.006734,0
0.004035,0
00.014723,0
-0.001096,0
-0.009744,0
-.001875,0
014393,0
.26,0
0.0,0
.046,0
0.028560,0
0.015451,0
0.005707,0
0.004613,0
0.008032,0
0.013223,0
0016585,0
05175,0
0.008899,0
-0.002357,0
-0.016681,0
-0.032277,0
-047277,0
--0.057003,0
0-0.070456,0
-0.047402,0
-0.022623,0
-0.010649,0
-0.008421,0
10.008440,0
0.005083,0
0.014332,0
0,0
0.0082,0
-5571,0
-0.-0.014971,0
-0.014404,0
10.000444,0
0.023226,0
0.041300,0
50.031649,0
0.015025,0
0988,0
0.13285,0
018772,0
084,0
0.0.000711,0
0.006638,0
0.005261,0
0.001384,0
00
-0.012607,0
-0.023111,0
-0.025379,0
-0.011908,0
0-0.001831,0
-0.006636,0
-0.008871,0
-0.010107,0
0-0.004470,0
0.006988,0
0.013536,0
0.006798,0
0-0.000297,0
0.002931,0
0.007488,0
0.006889,0
0-0.018579,0
-0.025979,0
-0.024136,0
-0.009306,0
00.017365,0
0.020153,0
0.014306,0
--0.000921,0
0.001251,0
0
-0.022085,0
-0.023329,0
-0.017323,0
-0.004116,0
.0.026728,0
0.028392,0
0.007739,0
-0.014980,0
-0.025441,0
--0.010821,0
0.000731,0
-0.003026,0
-0.007212,0
.0.008096,0
0.020325,0
0.021889,0
000754,0
-014729,0
--0.012182,0
-0.017597,0
-0.020983,0
-.017516,0
-0.011514,0
-0.004228,0
0.004796,0
0.014680,0
.0
-0.0-0.000646,0
0000907,0
00.005767,0
0
-0.0066,0
-.017297,0
-015446,0
-0.014587,0
-0.022548,0
-0.022215,0
0.011520,0
0.005171,0
-0.002563,0
-0.000215,0
0.002505,0
0490,0
0.000335,0
-0.000418,0
0.003720,0
0.017414,0
0.026111,0
0
1740,0.017720,0
0.016848,0
-0.003741,0
090,0
-0009977,0
005255,0
0988,0
0.5584,0
0-0.008014,0
-0.012563,0
-0.015363,0
-0.025152,0
0.011635,0
0,0
0.,0
-58,0
.00
.00
0.15844,0
0.011777,0
0.013597,0
0.019152,0
0.028927,0
.0.043540,0
0.044960,0
0.043310,0
0-0.012287,0
-0.016818,0
-0.017776,0
0,0
0.-0.022030,0
-0.022547,0
-0.017982,0
-0.004872,0
.-0.002043,0
-0.009932,0
-0.012062,0
.-0.009652,0
-0.013625,0
-0.030734,0
-0,0
-0-0.043896,0
-0.039870,0
-0.032077,0
-019524,0
-0.010996,0
-0.012508,0
-0.019522,0
0-0.040459,0
-0.048129,0
-0.044989,0
-0.024939,0
-009730,0
0367,0
-25478,0
0.-0.033419,0
-0.036108,0
-0.033517,0
--0.015242,0
-0.015103,0
-0.016773,0
0-0.013955,0
-0.005818,0
0.006701,0
0.022624,0
00-0.000500,0
0.004355,0
08,0
-0.02-0.036768,0
-0.020527,0
-0.005778,0
-0.012932,0
066,0
-04575,0
00.025353,0
0.030889,0
0.020889,0
0.011083,0
.-0.015436,0
-0.009173,0
-0.006080,0
-0.012586,0
--0.001387,0
-0.013977,0
.0.030263,0
-0.000044,0
-0.025351,0
06,0
0.002372,0
0.002921,0
-0.007332,0
-031857,0
0
0.0-0.001306,0
-0.017274,0
-0.026173,0
-0.000640,0
0.002561,0
.2,0
0.3034,0
0-0.017757,0
-0.007766,0
.494,0
.03,0
0.031604,0
0.022075,0
0.004785,0
-07958,0
-0-0.000634,0
-0.002959,0
-0.006977,0
-0.010305,0
0-0.020617,0
0.008655,0
.0.025112,0
0.017763,0
-0.000121,0
-0.024995,0
-0.022887,0
.,0
0.00.000026,0
0.016173,0
0.016478,0
00
-0.0
.0171-0.004915,0
0.008103,0
-0.004179,0
-0.019562,0
09,0
-0.010160,0
-0.006095,0
-0.004928,0
-0.001708,0
0.011024,0
0.025494,0
0.012674,0
-0.033337,0
-89,0
-020.031230,0
-0.013593,0
-0.066331,0
-028570,0
056860,1
.1,1
0.15977,0
-004803,0
0.019457,0
0.030768,0
-0.022803,0
-0.103340,0
-0.100917,0
0.008980,0
0.098590,1
0.069214,0
04,0
0.00.025254,0
0.014628,0
-0.011531,0
-0.006115,0
.0.022394,0
0.003497,0
-0.010991,0
-514,0
-0.0.141422,1
0.075683,0
-0.039891,0
-098986,0
-.071399,0
0.049107,0
0.097618,0
-0.036074,0
-0.147487,0
-0.103401,0
-0.014361,0
0.066151,0
0.100800,0
0-0.029798,0
-0.006513,0
0.040613,0
.4,0
.00
-0.058879,0
-0.127051,0
-0.067536,0
-0.004017,0
-022617,0
-,0
-0.014348,0
0.005035,0
-0.002297,0
-0.010567,0
-0.020927,0
-0.021048,0
0.013657,0
.0.106448,1
0.092678,1
0.004479,0
-0.030794,0
0.069525,0
0.127682,1
0-0.040036,0
0.022186,0
0.055816,0
0.046039,0
0.065889,0
0.063222,0
0.014608,0
-33044,0
0.-0.056669,0
-0.020408,0
00.044186,0
-16003,0
-01263,0
--0.007411,0
-0.040847,0
-0.070996,0
0.034921,0
0.146585,1
.0.022876,0
-0.017860,0
-0.016400,0
0.008528,0
0-0.000896,0
0.072990,1
0.026861,0
00
0.096,0
0.62864,0
0.082047,0
0.053753,0
0.056994,0
0.058091,0
0.000215,0
-012598,0
0
0.02,0
-0121921,0
-.134809,0
-0.015864,0
-0.018993,0
-0.124860,0
-0.086576,0
0.066591,0
.-0.027149,0
-0.036842,0
0.050751,0
0.056742,0
-0.052243,0
-0.113154,0
-0.059109,0
03138,0
0.007146,0
0.017354,0
0.054105,0
0.108014,1
0119409,1
0.069247,0
0.030507,0
0.036334,0
0.049839,0
0.044601,0
0.023752,0
00
0.00.096218,0
-0.006431,0
06,0
-08874,0
0.9,0
0.049036,0
0.127309,1
0.104907,0
0.050828,0
0.049939,0
0.054452,0
0.041803,0
0.044849,0
00333,1
0..
0.025725,0
0.028479,0
0.005338,0
0,0
-0.009066,0
0.076689,1
0.104562,1
0.060837,0
.0.024166,0
00.043170,0
0.041625,0
0.039123,0
-0.001273,0
-0.031151,0
007416,0
.
.0-0.008800,0
-0.021482,0
-0.042591,0
-0.049365,0
-0.027799,0
0-0.004735,0
-0.015143,0
-0.023588,0
-0.025690,0
-0.019900,0
-0.016238,0
-0.015801,0
-0.009218,0
-0.003035,0
-0.008632,0
-0.020114,0
-00099,0
00.027411,0
00.009857,0
079,0
0.00.019965,0
0.003836,0
-0.008875,0
-4,0
0.01-0.038838,0
-0.046031,0
-0.007788,0
0.021544,0
.-0.011370,0
0.001231,0
0.012070,0
0.005618,0
00,0
-0.72,0
-07759,0
0.,0
-0.19176,0
-
-0.014550
-06801,0
-00.043536,0
0.051191,0
0.045063,0
00
0.014890,0
0.014983,0
.0.012718,0
0.008046,0
-0.004859,0
-0.020861,0
0.037818,0
0.019612,0
0.001047,0
03833,0
.004-0.007707,0
-0.004022,0
.0.015834,0
0.004554,0
-0.005733,0
-0.002647,0
0.003415,0
0.007379,0
0.009712,0
000021784,0
.
.00.013269,0
0.007133,0
0.000560,0
-0.011740,0
-0.016845,0
0-0.003303,0
-0.031954,0
-0.049760,0
-0.023652,0
--0.013698,0
-0.032262,0
-0.038985,0
-0.039958,0
-0.036663,0
-0.029900,0
-0.012746,0
0-0.061251,0
-0.032593,0
-0.019295,0
-0.027743,0
20.048433,0
0.023950,0
-0.030608,0
0.008834,0
0.098888,1
0.079310,0
-0.024502,0
-0.063379,0
0,0
-0..-0.000590,1
-0.018825,0
-0.042030,0
-.031617,0
0
0.-7,0
0.01,0
0.010185,0
-0.008158,0
0.015465,0
0.086852,1
0-0.021393,0
0
-0.0
-0.00
0.040,1
0.268,1
0.0449,1
030,0
-0.010441,0
-0.033201,0
-0.024833,0
-0.032768,0
-0.053740,0
-0.008338,0
0.067415,0
0.034460,0
0034,0
-000644,0
022987,1
0603,0
-0.056674,0
-0.077216,0
-0.044702,0
-0.066411,0
-0.093970,0
-0.078482,0
00.095487,1
076872,0
-83,0
-0.41,0
0.30,0
0008895,0
--0.025461,0
-0.058819,0
0.001287,0
0-.030606,0
-0.025442,0
0.064189,0
0.131022,1
.77,0
0.
.034374,00.043716,0
0.040441,0
0.024860,0
0.002938,0
-0.003577,0
0.018557,0
0.035501,0
,-0.017695,0
-0.016248,0
-0.000382,0
00.010128,0
-0.003595,0
-0.027542,0
3-0.017931,0
0.003192,0
0.006746,0
0007707,0
00.053683,1
0.062283,1
0.035828,0
-0.003200,0
-0.019541,0
00.002695,0
0.032766,0
0.058409,0
0.041843,0
0.001679,0
0.000311,0
0.019233,0
-0.003383,0
-0.033219,0
00.013889,0
0.025136,0
0.027084,0
0
.0,0
0.028391,0
0.006071,0
-0.015849,0
-0.012624,0
0,0
0.018806,0
0.019344,0
0.004802,0
-0.005061,0
20.046870,0
-0.006829,0
-0.081530,0
-0.059619,0
--0.051391,0
-0.046266,0
-0.010000,0
007479,0
082,0
0.002905,0
.0-0.000027,0
-0.011536,0
-0.019493,0
1-0.014465,0
-0.010374,0
-0.001413,0
.0.023502,0
0.010607,0
0.003857,0
.0.035107,0
0.023256,0
.0.015362,0
0.014252,0
0-0.007538,0
0.017532,0
.0.032885,0
0.024544,0
50.029389,0
0.030078,0
.2,0
.,0
.0-0.004931,0
-0.014908,0
0.006635,0
0.025034,0
0.019388,0
0.007809,0
-01507,0
-0-0.032559,0
-0.034630,0
-0.007069,0
0.013680,0
0.002457,0
-0.013920,0
04,0
-0.021045,0
-0.016342,0
-0.010563,0
-0.009521,0
-011485,0
-0.014498,0
-0.020049,0
-0.028964,0
-0.031300,0
-0.019532,0
00,0
-0.004454,0
-0.005752,0
-0.009626,0
-0.014951,0
00
0.00
-009,0
.000
-006471,0
-0.013216,0
-0.007342,0
0.001509,0
0.008438,0
07,0
-0.41,0
-0.0
-0.01977,0
0943,0
-0.040929,0
-0.043638,0
-0.006880,0
0.018508,0
-0.002110,0
0,0
01370.032642,0
0.009464,0
-0.011219,0
-0.003691,0
02,0
-0022021,0
-0.029557,0
-0.002264,0
0.020229,0
0.013707,0
0.000403,0
-8801,0
-0.69,0
-0.024141,0
-0.019870,0
-0.000436,0
0.015686,0
0.016059,0
0.009556,0
.-0.008909,0
-0.014709,0
-0.013227,0
-0.001634,0
0.012140,0
022570,0
.27,0
.2,0
.0956,0
00.005892,0
0.036647,0
0.051932,0
0.024542,0
-0.003638,0
-0-0.000195,0
0.008913,0
--4,0
-0.8861,0
05,0
0.,0
-0.000286,0
-0.007530,0
-0.014798,0
0-0.011415,0
-0.000653,0
0.006606,0
2-0.006746,0
-0.013967,0
-0.016121,0
-0.009254,0
50.028536,0
0.030923,0
-0.008626,0
0
319,-0.014637,0
-0.020904,0
-0.023860,0
-11455,0
0.0956,0
006454,0
007194,0
0,0
004-0.003268,0
-0.002568,0
-0.007454,0
00,0
-0.008276,0
-0.003953,0
-0.000229,0
0.005915,0
05995,0
0.0.061246,0
0069473,0
00
.0490.036945,0
0.035299,0
0.054561,0
00,0
0.00.022489,0
0.021248,0
0.012592,0
.
0.016,0
0.22304,0
0.018866,0
0.013998,0
0.011329,0
0623,0
0.0-0.027562,0
00.001828,0
-0.049870,0
-0.099119,0
0-0.089378,0
-0.031396,0
0.004916,0
-156,0
-0.00
-0.0-0.013428,0
0.017122,0
0026655,0
0-0.047757,0
-0.030422,0
40.027514,0
-0.045072,0
-0.079494,0
.0
0.102041,1
-0.044010,0
-0.168558,0
--0.034358,0
-0.040782,0
-0.043712,0
-0.006400,0
0.011252,0
-0.017763,0
-0.046662,0
-597,0
.0-0.005790,0
0.015051,0
-0.011913,0
0423,0
-0.037311,0
-0.026172,0
-0.019379,0
--0.014930,0
0.016166,0
0.080924,1
.-0.033088,0
-0.091298,0
-0.026056,0
00.043619,0
0.026702,0
-0.016372,0
044,0
0.,0
0.477,0
-045253,0
-0.020731,0
0.094667,1
0.125377,1
-0.010755,0
1-0.082529,0
-0.044905,0
-0.041024,0
0-0.029419,0
-0.028433,0
-0.018098,0
-053,0
-0.015614,0
-0.023730,0
-0.012088,0
0.044692,1
0.131381,1
.-0.012259,0
-0.084931,0
-0.012023,0
00.038489,0
0.066309,0
0.094097,0
.0.011438,0
00.046737,0
8-0.013713,0
-0.090755,0
--0.132233,0
-0.067255,0
0.013373,0
0-0.013388,0
--0.017606,0
-0.023276,0
-0.020449,0
0-0.012091,0
-0.025941,0
-0.010998,0
-0.008795,0
9-0.052011,0
0.006583,0
0.033453,0
00-0.000026,0
0.042897,0
0.036993,0
10.001036,0
-0.009138,0
-0.022970,0
0
.019-0.021424,0
-0.025977,0
-0.015673,0
0.018376,0
0,1
0.033370,0
0.005334,0
0.000297,0
0.008422,0
00.003634,0
0.001558,0
0.003061,0
0.007388,0
.822,0
0.013332,0
0.015130,0
0.011864,0
-0.001575,0
-15340,0
-0205,0
-0-0.001083,0
--0.022549,0
-0.020995,0
-2716,0
-0035607,0
-.039526,0
000
0.69,0
-0.013258,0
0.014874,0
0.030152,0
0.018268,0
0.013948,0
07041,0
0197,0
0.-0.016143,0
-0.019195,0
-0.022976,0
-0.035877,0
-0.038218,0
-0.017594,0
00.004480,0
0.009333,0
20.033175,0
0.000584,0
-14223,0
0.5-0.019960,0
-0.010958,0
-0.003648,0
0.006161,0
0
0.024506,0
0.008857,0
-0.004802,0
-0.001370,0
0-0.013151,0
-0.019662,0
-0.007017,0
0.008395,0
.
.00.000667,0
-0.011879,0
-0.006838,0
0.004133,0
.
0.017779,0
0.011484,0
-0.004282,0
-0.028315,0
--0.009109,0
0.003380,0
-0.019189,0
00.016776,0
0.045085,0
0.018187,0
-0.004286,0
0.014434,0
00.035728,0
0032620,0
.8477,0
.-0.007414,0
-0.027463,0
-0.013643,0
006458,0
0.016260,0
0.016484,0
0.002757,0
-0.008357,0
-0.002391,0
0.000496,0
-0.014040,0
092,0
-005166,0
0.006392,0
-0.005428,0
-0.014556,0
-0.005098,0
000
-0.025576,0
-0.005018,0
05131,0
-0.012159,0
-0.021087,0
089,0
-0.018109,0
.-0.000572,0
-0.006553,0
-146,0
-0.046767,0
-0.027380,0
00.009116,0
.-0.000267,0
-0.008105,0
0.000730,0
0.010361,0
0.009760,0
05,0
.0,0
.00
-0.021797,0
-0.010587,0
-0.000709,0
-0.011367,0
-0.017252,0
-0.003701,0
.00.051899,0
0-0.067436,0
-0.030671,0
-0.003242,0
-0.025948,0
-0.048956,0
-0.039126,0
0.054442,0
.0
0.09,0
0.0-
0.0-0.016256,0
-0.015057,0
0.004676,0
0.028139,0
0.018529,0
-0.021255,0
-0.053631,0
-0.081202,0
-0.053202,0
-0.018145,0
-0.065724,0
-0.090995,0
0.010193,0
0.096272,1
0.047938,0
-14482,0
-082,0
0.019097,0
0.005041,0
-0.005614,0
-0.006700,0
-0.007724,0
.0
0.039817,0
00.034601,0
0.012959,0
-0.013427,0
.5,0
-0.020360,0
0.002439,0
-0.012194,0
00.019139,0
0.032551,0
-3976,0
-0.0
-0.000774,0
0.020540,0
-0.048412,0
-0.070258,0
-0.010428,0
0.019225,0
-0.013724,0
-0.041168,0
-447,0
0.05,0
-0.048660,0
-0.015861,0
-0.021967,0
-0.037437,0
-0.033831,0
0-0.030773,0
-0.025937,0
-0.016157,0
.-0.020657,0
-0.005732,0
0.022951,0
.0.059397,1
0.032328,0
.0.043522,0
00.039875,1
0,1
.09,0
.,0
0.010861,0
0.029211,0
02931,0
0.042057,0
0.063586,0
0.058664,0
0.027071,0
20.038760,0
0.037188,0
.0
0.46210,0
028370,0
0259,0
-0.040666,0
-0.009068,0
0.021127,0
0.026578,0
0.025797,0
0.015465,0
-0.003817,0
-0.009233,0
05,0
0.02-0.001841,0
0-0.019988,0
-0.033134,0
-025561,0
011508,0
0.034902,0
.
0.042,0
0-0.021284,0
0.037283,0
.8841,1
0.029816,0
0.004237,0
-0.025044,0
-0.083216,0
-0.104145,0
-0.032083,0
0.052002,0
0.054389,0
0022509,0
0.027440,0
0.037208,0
0.015830,0
-0.005248,0
-0.002142,0
0.001785,0
00
-0.038200,0
-0.041123,0
0.004260,0
-0.000162,0
-06170,0
0.957,0
0.042318,0
0.013770,0
-0.030743,0
-0.046677,0
-0.051637,0
00
0.0-0.048336,0
-0.035226,0
0-0.003690,0
0.038502,1
0,1
.021-0.022553,0
-0.017263,0
.-0.006329,0
-0.030107,0
0.001836,0
0.037761,0
0.052297,1
0055262,1
0.010548,0
-0.022110,0
0
-0.023474,0
-0.032442,0
00.013922,0
0.048373,0
.0
0.532,0
0.73,0
-0.023304,0
-0.014956,0
08,0
-0.021435,0
-62,0
-0.003573,0
0.029289,0
.0.058235,1
0.017656,0
--0.003864,0
.
0528,0
0.029,0
0.053859,0
0.020199,0
-0.000011,0
-0.009928,0
-0.027581,0
-0.040828,0
00.020447,0
-0.011938,0
-0.030948,0
-0.037115,0
00.017605,0
018683,0
0.010573,0
-0.001245,0
-0.015078,0
00
.000.020230,0
0.021537,0
0.015443,0
60.002848,0
0.011536,0
.69,0
.00.007050,0
-0.001699,0
-009901,0
--0.011255,0
.
0.029888,0
0.007986,0
-15059,0
0.351,0
-0.011059,0
0.000857,0
0.009295,0
-0.007003,0
-0.012860,0
-0.013145,0
-0.005585,0
0.000226,0
-0.003143,0
0-0.004145,0
-0.004486,0
-0.013233,0
--.001881,0
0011228,0
-09,0
0.013746,0
0.022203,0
00975,0
-0.012190,0
0.007237,0
0.025108,0
0.020569,0
.-0.009669,0
-0.019339,0
-0.009422,0
0.005640,0
0.014524,0
0.012946,0
-3986,0
0.001880,0
0.014734,0
0.006050,0
.87,0
0.023906,0
0.030721,0
-0.000783,0
-.026376,0
-.017447,0
0945,0
-00.003542,0
0.005508,0
004842,0
-0.001001,0
-0.002756,0
0.007784,0
0.015851,0
0.010644,0
0.004967,0
0.006840,0
0.006202,0
-0.002635,0
-0.002103,0
0.019534,0
.,0
0.-0.023010,0
-0.009744,0
-0.002056,0
-0.010468,0
-0.018087,0
-324,0
-0.011736,0
-0.022811,0
-0.026121,0
-0.008470,0
0.004534,0
-0.003987,0
-0.012545,0
-0.008123,0
-0.001045,0
0.004734,0
005475,0
-0.003994,0
-0.008985,0
0.002429,0
0.009063,0
-0.003992,0
-0.013282,0
-003497,0
09,0
.0,0
.00
0.008442,0
-0.014362,0
-0.025318,0
-0.024953,0
-0.011524,0
-0.000151,0
-0.003453,0
-0.000958,0
0,0
0.0
0.0-0.009857,0
0.001649,0
-0.005191,0
-0.006754,0
0.012533,0
0.023510,0
0.007008,0
-0.007390,0
00
0019,0
0.014835,0
0.010631,0
-0.012056,0
00.005642,0
0.029987,0
.0.008619,0
0.002127,0
09,0
-0-0.012844,0
0.018942,0
0.040293,0
0-0.008996,0
-0.008295,0
00.037611,0
-0.002487,0
-0.023129,0
-0.033350,0
-0.012214,0
0.018483,0
.
0.072531,1
00.058928,0
0.022292,0
0.006333,0
04497,0
-0.002606,0
-0.023998,0
0.042146,0
2-0.005542,0
-0.027367,0
-.037604,0
0
-0.007159,0
0.025200,0
0.045278,0
0.033548,0
0.009457,0
-0.011588,0
-.,0
040,0
0.038105,0
0.012363,0
-5133,0
-0.055778,0
0.022857,0
00.069584,0
0.035458,0
-0.079798,0
-0.064986,0
-0.033498,0
-2162,0
-04385,0
0.6331,0
0073090,1
0-0.006916,0
-0.016719,0
-0.021235,0
0.059978,1
0.031213,0
0.005952,0
0.035114,0
0.052936,0
08536,0
-0.050266,0
-0.046561,0
-0.006710,0
0-0.009754,0
0.018759,0
0029108,0
0.004634,0
004607,0
00515,0
0.,0
-0.0-0.025838,0
0.004204,0
0.024239,0
0.063499,0
0.082852,1
0.053615,0
0.012489,0
-0.021689,0
-0.043401,0
-0.050358,0
-0.068259,0
-0.077772,0
-0.043394,0
-0.011530,0
-0.006695,0
0.017326,0
0.055216,1
0.050121,1
0.000906,0
-0.030285,0
-0.025919,0
-0.029957,0
-0.043982,0
-0.044458,0
-0.047905,0
-0.050333,0
-0.027052,0
-0.003077,0
-0.000235,0
0.003571,0
0.007076,0
-0.017879,0
-0.056507,0
-0.061335,0
-0.036369,0
-0.021126,0
-0.011328,0
0.008368,0
0.019726,0
0.010174,0
-0.012594,0
-0.036749,0
-0.043873,0
-0.033686,0
-0.034616,0
-0.048372,0
-0.042578,0
-0.004587,0
0.035305,1
0.034645,1
0.006443,0
0.001038,0
0.012005,0
-0.003206,0
-0.035736,0
-0.046305,0
-0.032272,0
-0.009832,0
0.017216,0
0.038128,0
0.040281,0
0.028044,0
0.006355,0
-0.022219,0
-0.041756,0
-0.039974,0
-0.023664,0
-0.009177,0
-0.012927,0
-0.023548,0
-0.004292,0
0.039926,1
0.045850,1
-0.005073,0
-0.036870,0
-0.018053,0
-0.010422,0
-0.026828,0
-0.023512,0
-0.001379,0
0.007098,0
-0.002443,0
-0.004714,0
0.006713,0
-0.001297,0
-0.038829,0
-0.056175,0
-0.030923,0
-0.011029,0
-0.013561,0
-0.006586,0
0.007253,0
0.010844,0
0.013648,0
0.021265,0
0.026733,0
0.021932,0
0.006726,0
-0.007964,0
-0.015675,0
-0.011097,0
0.005597,0
0.016001,0
0.018063,0
0.026790,0
0.033264,0
0.030983,0
0.031556,0
0.026517,0
0.003154,0
-0.016569,0
-0.006010,0
0.015527,0
0.018341,0
0.022165,0
0.042526,0
0.049372,0
0.034544,0
0.021316,0
0.007937,0
-0.000757,0
0.018389,0
0.030598,0
0.000937,0
-0.009612,0
0.036758,0
0.071939,1
0.052217,0
0.017340,0
0.006344,0
0.015358,0
0.020300,0
0.007538,0
-0.007913,0
-0.001651,0
0.019146,0
0.024623,0
0.016660,0
0.017534,0
0.021249,0
0.008960,0
-0.022805,0
-0.049207,0
-0.028068,0
0.026591,0
0.049071,0
0.030309,0
0.015061,0
0.013620,0
0.008386,0
0.003266,0
0.004463,0
0.000061,0
-0.010402,0
-0.015459,0
-0.009867,0
0.009914,0
0.023273,0
0.005755,0
-0.018254,0
-0.021994,0
-0.022011,0
-0.030687,0
-0.032969,0
-0.023467,0
-0.017908,0
-0.019018,0
-0.016888,0
-0.012107,0
-0.012916,0
-0.026554,0
-0.046930,0
-0.045543,0
-0.017019,0
-0.000692,0
-0.009645,0
-0.014706,0
-0.010736,0
-0.013826,0
-0.019515,0
-0.016663,0
-0.013167,0
-0.015951,0
-0.019079,0
-0.020370,0
-0.020303,0
-0.017242,0
-0.015283,0
-0.018362,0
-0.021620,0
-0.021842,0
-0.022140,0
-0.023947,0
-0.024069,0
-0.020453,0
-0.017187,0
-0.016647,0
-0.017619,0
-0.019630,0
-0.020812,0
-0.019084,0
-0.019420,0
-0.024777,0
-0.026967,0
-0.019186,0
-0.010114,0
-0.009817,0
-0.012106,0
-0.008506,0
-0.003627,0
-0.003440,0
-0.004869,0
-0.008200,0
-0.016448,0
-0.018983,0
-0.006698,0
0.003024,0
-0.002295,0
-0.006106,0
0.002967,0
0.010627,0
0.007933,0
0.005643,0
0.009610,0
0.011941,0
0.008353,0
0.006626,0
0.011051,0
0.014553,0
0.013103,0
0.012465,0
0.015583,0
0.018970,0
0.020941,0
0.022236,0
0.022718,0
0.022749,0
0.023012,0
0.023384,0
0.023760,0
0.024485,0
0.025993,0
0.026957,0
0.026440,0
0.025372,0
0.023989,0
0.019398,0
0.009272,0
0.002277,0
0.004864,0
0.014656,0
0.030989,0
0.040567,0
0.032755,0
0.020184,0
0.011560,0
0.008738,0
0.015079,0
0.020288,0
0.015776,0
0.013206,0
0.020672,0
0.024820,0
0.017052,0
0.011501,0
0.017303,0
0.019724,0
0.009495,0
-0.001570,0
-0.006737,0
-0.001846,0
0.018217,0
0.039312,0
0.050354,0
0.053860,0
0.050386,0
0.044340,0
0.039560,0
0.038853,0
0.044390,0
0.047571,0
0.042154,0
0.035299,0
0.031828,0
0.028347,0
0.023609,0
0.011717,0
-0.012651,0
-0.024563,0
-0.005333,0
0.009499,0
-0.005007,0
-0.018024,0
-0.010713,0
0.002131,0
0.013601,0
0.020362,0
0.016259,0
0.009568,0
0.007461,0
0.007053,0
0.006644,0
0.000989,0
-0.014444,0
-0.023213,0
-0.012631,0
-0.004182,0
-0.012342,0
-0.021085,0
-0.021161,0
-0.019123,0
-0.017480,0
-0.014025,0
-0.009066,0
-0.005097,0
-0.003560,0
-0.003651,0
-0.005564,0
-0.008080,0
-0.010260,0
-0.013455,0
-0.019152,0
-0.021590,0
-0.016468,0
-0.014527,0
-0.023118,0
-0.031466,0
-0.032424,0
-0.030488,0
-0.027337,0
-0.025822,0
-0.029191,0
-0.031856,0
-0.029502,0
-0.035834,0
-0.060527,0
-0.077031,0
-0.066162,0
-0.052581,0
-0.051715,0
-0.045169,0
-0.022510,0
-0.013203,0
-0.036750,0
-0.052248,0
-0.032510,0
-0.016862,0
-0.029557,0
-0.045474,0
-0.051362,0
-0.053837,0
-0.052938,0
-0.043307,0
-0.023001,0
-0.014294,0
-0.032776,0
-0.043890,0
-0.023580,0
0.000512,0
0.012389,0
0.009599,0
-0.014333,0
-0.029571,0
-0.011483,0
0.008297,0
0.008140,0
0.007026,0
0.015272,0
0.023942,0
0.029679,0
0.039338,0
0.056109,0
0.056705,0
0.024407,0
0.008101,0
0.042455,0
0.067591,0
0.043559,0
0.019092,0
0.023508,0
0.036780,0
0.051842,0
0.059299,0
0.046374,0
0.031721,0
0.030645,0
0.029703,0
0.020161,0
0.016125,0
0.026497,0
0.040501,0
0.052116,0
0.057333,0
0.051208,0
0.039204,0
0.025728,0
0.021593,0
0.035583,0
0.042001,0
0.021935,0
0.002721,0
0.002461,0
0.006907,0
0.009251,0
0.012085,0
0.014263,0
0.012567,0
0.005740,0
0.003752,0
0.013447,0
0.018456,0
0.007228,0
-0.007241,0
-0.016919,0
-0.019953,0
-0.012483,0
-0.005953,0
-0.009593,0
-0.013347,0
-0.010677,0
-0.005660,0
0.000008,0
0.002266,0
-0.002659,0
-0.010298,0
-0.017348,0
-0.021680,0
-0.021386,0
-0.025458,0
-0.040682,0
-0.045817,0
-0.024988,0
-0.003045,0
0.003765,0
-0.003159,0
-0.026407,0
-0.043402,0
-0.035355,0
-0.022428,0
-0.018037,0
-0.012436,0
-0.001065,0
0.005289,0
0.000240,0
-0.011643,0
-0.028971,0
-0.032899,0
-0.007871,0
0.009933,0
-0.006059,0
-0.025182,0
-0.028661,0
-0.022766,0
-0.007551,0
0.003486,0
-0.002544,0
-0.008019,0
-0.000037,0
0.004039,0
-0.006788,0
-0.015166,0
-0.009802,0
-0.003639,0
-0.003854,0
-0.007840,0
-0.016359,0
-0.014670,0
0.009698,0
0.021216,0
-0.006382,0
-0.027263,0
-0.010226,0
0.001456,0
-0.019237,0
-0.029069,0
-0.001409,0
0.024094,0
0.024053,0
0.018050,0
0.014338,0
0.010438,0
0.008838,0
0.008278,0
0.005920,0
0.000145,0
-0.009847,0
-0.008529,0
0.015529,0
0.032780,0
0.021978,0
0.011531,0
0.019755,0
0.027906,0
0.026513,0
0.017791,0
0.000120,0
-0.008100,0
0.008912,0
0.017115,0
-0.008257,0
-0.023499,0
0.001136,0
0.023518,0
0.017095,0
0.004492,0
-0.003764,0
-0.008770,0
-0.006680,0
-0.004917,0
-0.011317,0
-0.015395,0
-0.009159,0
-0.003160,0
-0.004357,0
0.001356,0
0.023615,0
0.034256,0
0.013901,0
-0.003657,0
0.004232,0
0.009980,0
-0.002593,0
-0.010533,0
-0.000818,0
0.007687,0
0.004472,0
0.003820,0
0.013207,0
0.021642,0
0.023540,0
0.020073,0
0.010010,0
0.003214,0
0.008386,0
0.015733,0
0.018647,0
0.015213,0
0.002657,0
-0.003094,0
0.010471,0
0.019664,0
0.007775,0
-0.003978,0
-0.002286,0
0.000090,0
-0.003313,0
-0.009689,0
-0.019453,0
-0.023970,0
-0.015353,0
-0.004409,0
0.000988,0
0.003304,0
0.003009,0
-0.000196,0
-0.006033,0
-0.004632,0
0.011170,0
0.019158,0
0.003263,0
-0.005986,0
0.012311,0
0.024548,0
0.009129,0
-0.006168,0
-0.004963,0
0.002149,0
0.012029,0
0.011470,0
-0.012561,0
-0.027868,0
-0.009835,0
0.009477,0
0.008681,0
0.007360,0
0.015786,0
0.021317,0
0.017913,0
0.012461,0
0.007567,0
0.000780,0
-0.008013,0
-0.014599,0
-0.016411,0
-0.011914,0
0.001028,0
0.008420,0
-0.000679,0
-0.009041,0
-0.004824,0
0.000279,0
-0.000436,0
-0.001227,0
0.000197,0
-0.005525,0
-0.024300,0
-0.033766,0
-0.018072,0
-0.002119,0
-0.002229,0
-0.005850,0
-0.007160,0
-0.011775,0
-0.021421,0
-0.022360,0
-0.005491,0
0.004645,0
-0.009030,0
-0.015686,0
0.005029,0
0.017210,0
-0.002445,0
-0.020456,0
-0.016418,0
-0.005561,0
0.005932,0
0.009387,0
-0.005606,0
-0.017694,0
-0.010063,0
-0.000047,0
0.001054,0
0.000008,0
-0.000640,0
0.002989,0
0.015605,0
0.026723,0
0.028107,0
0.016986,0
-0.009883,0
-0.023289,0
-0.000483,0
0.020047,0
0.011628,0
-0.008679,0
-0.033008,0
-0.040253,0
-0.010262,0
0.009912,0
-0.015211,0
-0.033924,0
-0.011642,0
0.015309,0
0.026341,0
0.025960,0
0.011013,0
-0.010049,0
-0.027854,0
-0.035828,0
-0.028850,0
-0.015978,0
-0.004685,0
0.003377,0
0.010313,0
0.017912,0
0.019271,0
0.012360,0
0.007884,0
0.012389,0
0.013862,0
0.002120,0
-0.011697,0
-0.000340,0
0.042401,0
0.051895,0
-0.006870,0
-0.050174,0
-0.039096,0
-0.031258,0
-0.036435,0
-0.018715,0
0.015336,0
0.030006,0
0.032414,0
0.029011,0
-0.011487,0
-0.046463,0
-0.022921,0
0.003749,0
-0.001746,0
-0.026222,0
-0.070965,0
-0.095223,0
-0.058801,0
0.013620,0
0.071038,1
0.061081,0
-0.025794,0
-0.101843,0
-0.080403,0
-0.017435,0
-0.000280,0
-0.027135,0
-0.053616,0
-0.024439,0
0.034518,0
0.060297,1
0.070298,1
0.044072,0
-0.039360,0
-0.077172,0
-0.006319,0
0.075109,0
0.043173,0
-0.045000,0
-0.031451,0
0.044579,0
0.073708,0
0.091826,0
0.072364,0
-0.047005,0
-0.133853,0
-0.078110,0
-0.017581,0
-0.065172,0
-0.103694,0
-0.052553,0
-0.001549,0
0.020593,0
0.079250,1
0.137000,1
0.104522,0
0.039065,0
0.030626,0
0.040431,0
0.028562,0
0.028001,0
0.061954,0
0.068481,0
0.005940,0
0.005544,0
0.121957,1
0.157107,1
0.012174,0
-0.121643,0
-0.064149,0
0.069185,0
0.066010,0
-0.017576,0
-0.020495,0
0.034206,0
0.072230,0
0.068760,0
0.022346,0
-0.013406,0
-0.005677,0
0.033423,0
0.102129,1
0.117982,1
0.014107,0
-0.047079,0
0.051974,0
0.130925,1
0.070786,0
0.007585,0
0.019696,0
0.018882,0
-0.038873,0
-0.058635,0
0.015079,0
0.066697,0
0.023407,0
-0.028582,0
-0.041195,0
-0.019052,0
0.050437,0
0.102665,1
0.081293,0
0.019960,0
-0.060265,0
-0.088257,0
-0.003405,0
0.033281,0
-0.097052,0
-0.218031,0
-0.212729,0
-0.170326,0
-0.133589,0
-0.111483,0
-0.139992,0
-0.187374,0
-0.182995,0
-0.136774,0
-0.126259,0
-0.162888,0
-0.183323,0
-0.171616,0
-0.189590,0
-0.249933,0
-0.247154,0
-0.159849,0
-0.112623,0
-0.124471,0
-0.110790,0
-0.074666,1
-0.057631,0
-0.041788,0
-0.015890,0
-0.005086,0
0.017167,1
0.082256,1
0.124237,1
0.120450,1
0.147302,1
0.188943,1
0.173238,0
0.139956,0
0.150846,0
0.174374,0
0.179651,0
0.180929,0
0.160000,0
0.118168,0
0.102297,0
0.110819,0
0.126448,0
0.140120,0
0.101559,0
-0.000572,0
-0.066246,0
-0.027262,0
0.017080,0
-0.025419,0
-0.076857,0
-0.066133,0
-0.036722,0
-0.021812,0
-0.018972,0
-0.029835,0
-0.036142,0
-0.022551,0
-0.003782,0
0.010368,0
0.028252,0
0.054436,1
0.068962,1
0.056705,0
0.029858,0
-0.002663,0
-0.004372,0
0.053345,0
0.087315,0
0.037281,0
-0.001514,0
0.034042,0
0.073997,0
0.078308,0
0.069275,0
0.051556,0
0.042000,0
0.060555,0
0.069885,0
0.040539,0
0.030869,0
0.082691,0
0.117092,1
0.079071,0
0.037344,0
0.036461,0
0.039145,0
0.025654,0
0.019619,0
0.032557,0
0.044125,0
0.043476,0
0.033998,0
0.014494,0
0.005760,0
0.025169,0
0.046440,0
0.051973,0
0.049597,0
0.040924,0
0.026402,0
0.008990,0
-0.006422,0
-0.015851,0
-0.009298,0
0.018110,0
0.021065,0
-0.029148,0
-0.056980,0
-0.012310,0
0.030828,0
0.030772,0
0.034816,0
0.043908,0
0.022737,0
-0.004988,0
-0.000161,0
0.014702,0
0.000956,0
-0.022061,0
-0.031447,0
-0.042628,0
-0.055215,0
-0.062356,0
-0.057030,0
-0.026699,0
-0.010263,0
-0.039089,0
-0.066072,0
-0.056870,0
-0.038597,0
-0.038578,0
-0.040277,0
-0.012970,0
0.019007,1
0.008354,0
-0.016138,0
-0.004971,0
0.006639,0
-0.014912,0
-0.032166,0
-0.035641,0
-0.045166,0
-0.049980,0
-0.068672,0
-0.103081,0
-0.087936,0
-0.061813,0
-0.109745,0
-0.136768,0
-0.053402,0
0.023800,1
0.004074,0
-0.040680,0
-0.061031,0
-0.071499,0
-0.058773,0
-0.012493,0
0.036316,1
0.017174,0
-0.076794,0
-0.116421,0
-0.053627,0
-0.001450,0
-0.009651,0
-0.036011,0
-0.044846,0
-0.015163,0
0.022449,0
0.004692,0
-0.066463,0
-0.102901,0
-0.054737,0
0.010387,0
0.031052,0
0.007969,0
-0.050041,0
-0.096462,0
-0.066525,0
0.008041,0
0.022051,0
-0.017418,0
-0.011845,0
0.013380,0
-0.009888,0
-0.009329,0
0.052254,1
0.067392,1
0.012753,0
-0.003935,0
0.044489,0
0.083801,1
0.094992,1
0.103563,0
0.092802,0
0.060787,0
0.039631,0
0.024170,0
0.003506,0
0.001686,0
0.004946,0
-0.008966,0
-0.005009,0
0.009310,0
-0.000820,0
-0.011360,0
-0.013164,0
-0.015991,0
-0.005871,0
0.004715,0
-0.012704,0
-0.037030,0
-0.030847,0
-0.008696,0
-0.000599,0
-0.006986,0
-0.012947,0
-0.005775,0
-0.006363,0
-0.036487,0
-0.052510,0
-0.014771,0
0.037822,0
0.065183,1
0.074144,1
0.069205,0
0.055531,0
0.048241,0
0.040518,0
0.016872,0
-0.012049,0
-0.021603,0
-0.014201,0
-0.010501,0
-0.013481,0
-0.014162,0
-0.006379,0
-0.004053,0
-0.029611,0
-0.071923,0
-0.104052,0
-0.112971,0
-0.091909,0
-0.054537,0
-0.031477,0
-0.015984,0
0.017112,1
0.042693,1
0.041124,0
0.043380,0
0.053842,0
0.053238,0
0.049234,0
0.050629,0
0.056300,0
0.066394,0
0.072901,0
0.064409,0
0.043896,0
0.015509,0
-0.020568,0
-0.042369,0
-0.032292,0
-0.016699,0
-0.017280,0
-0.006064,0
0.014547,0
-0.003128,0
-0.027099,0
-0.006801,0
0.007890,0
-0.014435,0
-0.038813,0
-0.058797,0
-0.070757,0
-0.045796,0
0.005190,0
0.041572,1
0.047943,1
0.029513,0
0.004921,0
-0.004681,0
-0.000217,0
0.005270,0
0.014714,0
0.035395,0
0.053540,0
0.062018,0
0.067457,0
0.065013,0
0.054382,0
0.045355,0
0.043576,0
0.040707,0
0.025480,0
0.010324,0
0.009897,0
0.014776,0
0.013270,0
0.011405,0
0.012964,0
0.008594,0
0.004801,0
0.017991,0
0.037064,0
0.042775,0
0.037022,0
0.023568,0
-0.011502,0
-0.062292,0
-0.067837,0
-0.003422,0
0.042392,0
0.007870,0
-0.041644,0
-0.047759,0
-0.037810,0
-0.045234,0
-0.066055,0
-0.082018,0
-0.081067,0
-0.063904,0
-0.037911,0
-0.018400,0
-0.024664,0
-0.055122,0
-0.071654,0
-0.030275,0
0.037599,1
0.049341,1
0.002667,0
-0.035285,0
-0.019675,0
0.037423,0
0.070059,1
0.041362,0
-0.006364,0
-0.030551,0
-0.023090,0
0.011801,0
0.039131,0
0.036167,0
0.030057,0
0.031437,0
0.011753,0
-0.032493,0
-0.053415,0
-0.028710,0
-0.010084,0
-0.034676,0
-0.062327,0
-0.050845,0
-0.021072,0
-0.009997,0
-0.009589,0
0.003457,0
0.017836,0
0.020300,0
0.023201,0
0.027377,0
0.022710,0
0.015522,0
0.013807,0
0.013035,0
0.010098,0
0.005921,0
0.000093,0
-0.006993,0
-0.015069,0
-0.021009,0
-0.025327,0
-0.037372,0
-0.049380,0
-0.042103,0
-0.033573,0
-0.049751,0
-0.071724,0
-0.078036,0
-0.071018,0
-0.053502,0
-0.038168,0
-0.035476,0
-0.038694,0
-0.042387,0
-0.040155,0
-0.028491,0
-0.017991,0
-0.013884,0
-0.010397,0
-0.005413,0
-0.006554,0
-0.018969,0
-0.020656,0
0.004692,0
0.022937,0
0.009484,0
-0.007876,0
-0.012115,0
-0.000851,0
0.032495,0
0.053047,0
0.032438,0
0.008102,0
0.005680,0
0.002434,0
-0.013689,0
-0.018333,0
0.002985,0
0.020924,0
0.016762,0
0.012760,0
0.021343,0
0.037039,0
0.059637,0
0.070114,0
0.052134,0
0.038794,0
0.054878,0
0.067436,0
0.055367,0
0.045914,0
0.055042,0
0.039013,0
-0.031219,0
-0.056885,0
0.032383,0
0.096058,0
0.038654,0
-0.008507,0
0.036541,0
0.086742,0
0.095886,0
0.086182,0
0.057487,0
0.028297,0
0.021122,0
0.029327,0
0.046787,0
0.059422,0
0.055748,0
0.036560,0
0.000443,0
-0.010246,0
0.038128,0
0.071581,0
0.037508,0
0.001488,0
0.004807,0
0.019981,0
0.036207,0
0.036798,0
0.001814,0
-0.018579,0
0.015121,0
0.045382,0
0.032856,0
0.013056,0
0.005379,0
-0.000454,0
-0.005865,0
0.001686,0
0.028381,0
0.038889,0
0.008146,0
-0.018923,0
-0.012110,0
-0.005271,0
-0.017522,0
-0.030498,0
-0.036032,0
-0.041609,0
-0.049139,0
-0.046281,0
-0.025731,0
-0.016935,0
-0.040790,0
-0.056486,0
