Command: /home/vedant/.espressif/python_env/idf5.5_py3.10_env/bin/python /home/vedant/esp/esp-idf/tools/idf_monitor.py -p /dev/ttyUSB0 -b 115200 --toolchain-prefix xtensa-esp32-elf- --target esp32 --revision 0 /home/vedant/Bidex_Hand_Project/eog_bioamp/build/eog_bioamp.elf /home/vedant/Bidex_Hand_Project/eog_bioamp/build/bootloader/bootloader.elf -m '/home/vedant/.espressif/python_env/idf5.5_py3.10_env/bin/python' '/home/vedant/esp/esp-idf/tools/idf.py'
ets Jul 29 2019 12:21:46

rst:0x1 (POWERON_RESET),boot:0x13 (SPI_FAST_FLASH_BOOT)
configsip: 0, SPIWP:0xee
clk_drv:0x00,q_drv:0x00,d_drv:0x00,cs0_drv:0x00,hd_drv:0x00,wp_drv:0x00
mode:DIO, clock div:2
load:0x3fff0030,len:6380
ho 0 tail 12 room 4
load:0x40078000,len:15916
load:0x40080400,len:3860
entry 0x40080638
[0;32mI (29) boot: ESP-IDF v5.5 2nd stage bootloader[0m
[0;32mI (29) boot: compile time Jan 13 2026 13:56:03[0m
[0;32mI (29) boot: Multicore bootloader[0m
[0;32mI (30) boot: chip revision: v3.1[0m
[0;32mI (33) boot.esp32: SPI Speed      : 40MHz[0m
[0;32mI (37) boot.esp32: SPI Mode       : DIO[0m
[0;32mI (40) boot.esp32: SPI Flash Size : 2MB[0m
[0;32mI (44) boot: Enabling RNG early entropy source...[0m
[0;32mI (49) boot: Partition Table:[0m
[0;32mI (51) boot: ## Label            Usage          Type ST Offset   Length[0m
[0;32mI (57) boot:  0 nvs              WiFi data        01 02 00009000 00006000[0m
[0;32mI (64) boot:  1 phy_init         RF data          01 01 0000f000 00001000[0m
[0;32mI (71) boot:  2 factory          factory app      00 00 00010000 00100000[0m
[0;32mI (77) boot: End of partition table[0m
[0;32mI (80) esp_image: segment 0: paddr=00010020 vaddr=3f400020 size=0c300h ( 49920) map[0m
[0;32mI (105) esp_image: segment 1: paddr=0001c328 vaddr=3ff80000 size=00020h (    32) load[0m
[0;32mI (105) esp_image: segment 2: paddr=0001c350 vaddr=3ffb0000 size=03178h ( 12664) load[0m
[0;32mI (114) esp_image: segment 3: paddr=0001f4d0 vaddr=40080000 size=00b48h (  2888) load[0m
[0;32mI (118) esp_image: segment 4: paddr=00020020 vaddr=400d0020 size=279c8h (162248) map[0m
[0;32mI (179) esp_image: segment 5: paddr=000479f0 vaddr=40080b48 size=1042ch ( 66604) load[0m
[0;32mI (214) boot: Loaded app from partition at offset 0x10000[0m
[0;32mI (214) boot: Disabling RNG early entropy source...[0m
[0;32mI (224) cpu_start: Multicore app[0m
[0;32mI (233) cpu_start: Pro cpu start user code[0m
[0;32mI (233) cpu_start: cpu freq: 160000000 Hz[0m
[0;32mI (233) app_init: Application information:[0m
[0;32mI (233) app_init: Project name:     eog_bioamp[0m
[0;32mI (237) app_init: App version:      1[0m
[0;32mI (240) app_init: Compile time:     Jan 13 2026 13:55:47[0m
[0;32mI (245) app_init: ELF file SHA256:  05a821716...[0m
[0;32mI (250) app_init: ESP-IDF:          v5.5[0m
[0;32mI (253) efuse_init: Min chip rev:     v0.0[0m
[0;32mI (257) efuse_init: Max chip rev:     v3.99 [0m
[0;32mI (261) efuse_init: Chip rev:         v3.1[0m
[0;32mI (265) heap_init: Initializing. RAM available for dynamic allocation:[0m
[0;32mI (271) heap_init: At 3FFAE6E0 len 00001920 (6 KiB): DRAM[0m
[0;32mI (276) heap_init: At 3FFB61F8 len 00029E08 (167 KiB): DRAM[0m
[0;32mI (282) heap_init: At 3FFE0440 len 00003AE0 (14 KiB): D/IRAM[0m
[0;32mI (287) heap_init: At 3FFE4350 len 0001BCB0 (111 KiB): D/IRAM[0m
[0;32mI (293) heap_init: At 40090F74 len 0000F08C (60 KiB): IRAM[0m
[0;33mW (299) spi_flash: boya detected but related driver is not linked, please check option `SPI_FLASH_SUPPORT_BOYA_CHIP`[0m
[0;32mI (308) spi_flash: detected chip: generic[0m
[0;32mI (312) spi_flash: flash io: dio[0m
[0;33mW (315) spi_flash: Detected size(4096k) larger than the size in the binary image header(2048k). Using the size in the binary image header.[0m
[0;33mW (327) ADC: legacy driver is deprecated, please migrate to `esp_adc/adc_oneshot.h`[0m
[0;32mI (335) main_task: Started on CPU0[0m
[0;32mI (345) main_task: Calling app_main()[0m
ESP32 EOG Blink Detection Started (GPIO34)
0.097927,0
0.467664,1
0.910037,1
0.946970,1
0.655929,0
0.500674,0
0.510612,0
0.455492,0
0.336720,0
0.260683,0
0.217709,0
0.159271,0
0.093643,0
0.042248,0
-0.000809,0
-0.045124,0
-0.087418,0
-0.123798,0
-0.156326,0
-0.186874,0
-0.214493,0
-0.238693,0
-0.260078,0
-0.279129,0
-0.295624,0
-0.309654,0
-0.321449,0
-0.331146,0
-0.338799,0
-0.344566,0
-0.348457,0
-0.350769,0
-0.351448,0
-0.350616,0
-0.348427,0
-0.344925,0
-0.340225,0
-0.334419,0
-0.327560,0
-0.319778,0
-0.311127,0
-0.301704,0
-0.291504,0
-0.280739,0
-0.269379,0
-0.257545,0
-0.245224,0
-0.232544,0
-0.219513,0
-0.206177,0
-0.192696,0
-0.179047,0
-0.165253,0
-0.151382,0
-0.137497,0
-0.123657,0
-0.109856,0
-0.096161,0
-0.082535,0
-0.069153,0
-0.055874,0
-0.042870,0
-0.030079,0
-0.017624,0
-0.005365,0
0.006496,0
0.018042,0
0.029294,0
0.040150,0
0.050633,0
0.060676,0
0.070367,0
0.079576,0
0.088425,0
0.096817,0
0.104784,0
0.112295,0
0.119370,0
0.125999,0
0.132202,0
0.137928,0
0.143227,0
0.148121,0
0.152542,0
0.156494,0
0.160065,0
0.163177,0
0.165916,0
0.168190,0
0.170052,0
0.171547,0
0.172661,0
0.173416,0
0.173744,0
0.173820,0
0.173462,0
0.172768,0
0.171753,0
0.170471,0
0.168861,0
0.166992,0
0.164818,0
0.162331,0
0.159660,0
0.156738,0
0.153618,0
0.150269,0
0.146713,0
0.143005,0
0.139069,0
0.134987,0
0.130730,0
0.126411,0
0.121964,0
0.117386,0
0.112671,0
0.107849,0
0.102997,0
0.098099,0
0.093185,0
0.088142,0
0.083160,0
0.078056,0
0.072968,0
0.067924,0
0.062912,0
0.057808,0
0.052834,0
0.047867,0
0.042885,0
0.038055,0
0.033249,0
0.028465,0
0.023842,0
0.019257,0
0.014778,0
0.010292,0
0.005985,0
0.001793,0
-0.002266,0
-0.006317,0
-0.010117,0
-0.013897,0
-0.017548,0
-0.021049,0
-0.024403,0
-0.027618,0
-0.030806,0
-0.033718,0
-0.036606,0
-0.039282,0
-0.041803,0
-0.044243,0
-0.046522,0
-0.048655,0
-0.050636,0
-0.052530,0
-0.054212,0
-0.055808,0
-0.057259,0
-0.058565,0
-0.059728,0
-0.060752,0
-0.061700,0
-0.062510,0
-0.063126,0
-0.063612,0
-0.064095,0
-0.064327,0
-0.064565,0
-0.064620,0
-0.064622,0
-0.064389,0
-0.064171,0
-0.063787,0
-0.063366,0
-0.062786,0
-0.062115,0
-0.061474,0
-0.060690,0
-0.059761,0
-0.058817,0
-0.057798,0
-0.056709,0
-0.055677,0
-0.054399,0
-0.053123,0
-0.051792,0
-0.050476,0
-0.049112,0
-0.047583,0
-0.046137,0
-0.044594,0
-0.043022,0
-0.041481,0
-0.039919,0
-0.038332,0
-0.036669,0
-0.034990,0
-0.033361,0
-0.031729,0
-0.030025,0
-0.028446,0
-0.026745,0
-0.025047,0
-0.023478,0
-0.021799,0
-0.020189,0
-0.018599,0
-0.017019,0
-0.015400,0
-0.013924,0
-0.012348,0
-0.010860,0
-0.009462,0
-0.007965,0
-0.006624,0
-0.005128,0
-0.003854,0
-0.002489,0
-0.001282,0
0.000011,0
0.001202,0
0.002295,0
0.003471,0
0.004546,0
0.005579,0
0.006509,0
0.007522,0
0.008430,0
0.009294,0
0.010117,0
0.010896,0
0.011571,0
0.012327,0
0.012978,0
0.013586,0
0.014091,0
0.014678,0
0.015159,0
0.015600,0
0.015939,0
0.016301,0
0.016684,0
0.016905,0
0.017150,0
0.017357,0
0.017589,0
0.017661,0
0.017823,0
0.017826,0
0.017859,0
0.017859,0
0.017828,0
0.017767,0
0.017677,0
0.017560,0
0.017414,0
0.017303,0
0.017045,0
0.016764,0
0.016585,0
0.016321,0
0.016098,0
0.015731,0
0.015409,0
0.015070,0
0.014716,0
0.014346,0
0.013902,0
0.013569,0
0.013101,0
0.012745,0
0.012318,0
0.011821,0
0.011441,0
0.010931,0
0.010478,0
0.010082,0
0.009558,0
0.009156,0
0.008689,0
0.008160,0
0.007755,0
0.007226,0
0.006763,0
0.006303,0
0.005845,0
0.005451,0
0.005000,0
0.004553,0
0.004052,0
0.003619,0
0.003254,0
0.002773,0
0.002424,0
0.001960,0
0.001628,0
0.001243,0
0.000806,0
0.000504,0
0.000087,0
-0.000256,0
-0.000587,0
-0.000908,0
-0.001217,0
-0.001454,0
-0.001803,0
-0.002077,0
-0.002339,0
-0.002588,0
-0.002765,0
-0.002992,0
-0.003269,0
-0.003470,0
-0.003597,0
-0.003837,0
-0.004002,0
-0.004154,0
-0.004295,0
-0.004423,0
-0.004541,0
-0.004646,0
-0.004740,0
-0.004823,0
-0.004895,0
-0.004957,0
-0.005008,0
-0.005048,0
-0.005078,0
-0.005099,0
-0.005110,0
-0.005112,0
-0.005105,0
-0.005089,0
-0.005065,0
-0.005032,0
-0.004992,0
-0.004945,0
-0.004890,0
-0.004828,0
-0.004760,0
-0.004685,0
-0.004605,0
-0.004519,0
-0.004428,0
-0.004332,0
-0.004231,0
-0.004126,0
-0.004017,0
-0.003905,0
-0.003789,0
-0.003670,0
-0.003548,0
-0.003423,0
-0.003297,0
-0.003169,0
-0.003039,0
-0.002908,0
-0.002775,0
-0.002642,0
-0.002508,0
-0.002374,0
-0.002240,0
-0.002106,0
-0.001973,0
-0.001779,0
-0.001711,0
-0.001519,0
-0.001452,0
-0.001324,0
-0.001198,0
-0.001073,0
-0.000951,0
-0.000830,0
-0.000712,0
-0.000596,0
-0.000482,0
-0.000372,0
-0.000264,0
-0.000159,0
-0.000056,0
0.000043,0
0.000139,0
0.000232,0
0.000322,0
0.000408,0
0.000491,0
0.000571,0
0.000647,0
0.000719,0
0.000788,0
0.000854,0
0.000916,0
0.000975,0
0.001030,0
0.001082,0
0.001130,0
0.001175,0
0.001216,0
0.001254,0
0.001289,0
0.001320,0
0.001348,0
0.001373,0
0.001394,0
0.001413,0
0.001428,0
0.001441,0
0.001451,0
0.001457,0
0.001462,0
0.001463,0
0.001462,0
0.001458,0
0.001452,0
0.001443,0
0.001432,0
0.001419,0
0.001404,0
0.001387,0
0.001369,0
0.001348,0
0.001325,0
0.001301,0
0.001276,0
0.001249,0
0.001220,0
0.001191,0
0.001160,0
0.001128,0
0.001095,0
0.001061,0
0.001027,0
0.000991,0
0.000955,0
0.000919,0
0.000882,0
0.000844,0
0.000806,0
0.000768,0
0.000730,0
0.000692,0
0.000654,0
0.000615,0
0.000577,0
0.000539,0
0.000501,0
0.000464,0
0.000426,0
0.000390,0
0.000353,0
0.000317,0
0.000282,0
0.000247,0
0.000213,0
0.000180,0
0.000147,0
0.000115,0
0.000084,0
0.000054,0
0.000024,0
-0.000004,0
-0.000032,0
-0.000059,0
-0.000085,0
-0.000110,0
-0.000134,0
-0.000157,0
-0.000179,0
-0.000200,0
-0.000220,0
-0.000239,0
-0.000258,0
-0.000275,0
-0.000291,0
-0.000306,0
-0.000320,0
-0.000333,0
-0.000345,0
-0.000356,0
-0.000366,0
-0.000376,0
-0.000384,0
-0.000391,0
-0.000398,0
-0.000403,0
-0.000408,0
-0.000412,0
-0.000415,0
-0.000417,0
-0.000418,0
-0.000419,0
-0.000419,0
-0.000418,0
-0.000416,0
-0.000414,0
-0.000411,0
-0.000408,0
-0.000404,0
-0.000399,0
-0.000394,0
-0.000388,0
-0.000381,0
-0.000375,0
-0.000368,0
-0.000360,0
-0.000352,0
-0.000343,0
-0.000335,0
-0.000326,0
-0.000316,0
-0.000307,0
-0.000297,0
-0.000287,0
-0.000277,0
-0.000266,0
-0.000256,0
-0.000245,0
-0.000234,0
-0.000223,0
-0.000212,0
-0.000201,0
-0.000190,0
-0.000179,0
-0.000168,0
-0.000157,0
-0.000147,0
-0.000136,0
-0.000125,0
-0.000115,0
-0.000104,0
-0.000094,0
-0.000084,0
-0.000074,0
-0.000064,0
-0.000054,0
-0.000045,0
-0.000036,0
-0.000027,0
-0.000018,0
-0.000009,0
-0.000001,0
0.000007,0
0.000015,0
0.000022,0
0.000030,0
0.000036,0
0.000043,0
0.000050,0
0.000056,0
0.000062,0
0.000067,0
0.000072,0
0.000077,0
0.000082,0
0.000086,0
0.000091,0
0.000094,0
0.000098,0
0.000101,0
0.000104,0
0.000107,0
0.000109,0
0.000112,0
0.000113,0
0.000115,0
0.000117,0
0.000118,0
0.000119,0
0.000119,0
0.000120,0
0.000120,0
0.000120,0
0.000120,0
0.000119,0
0.000119,0
0.000118,0
0.000117,0
0.000116,0
0.000115,0
0.000113,0
0.000112,0
0.000110,0
0.000108,0
0.000106,0
0.000104,0
0.000101,0
0.000099,0
0.000097,0
0.000094,0
0.000091,0
0.000089,0
0.000086,0
0.000083,0
0.000080,0
0.000077,0
0.000074,0
0.000071,0
0.000068,0
0.000065,0
0.000062,0
0.000059,0
0.000055,0
0.000052,0
0.000049,0
0.000046,0
0.000043,0
0.000040,0
0.000037,0
0.000034,0
0.000031,0
0.000028,0
0.000025,0
0.000022,0
0.000019,0
0.000016,0
0.000014,0
0.000011,0
0.000008,0
0.000006,0
0.000003,0
0.000001,0
-0.000001,0
-0.000004,0
-0.000006,0
-0.000008,0
-0.000010,0
-0.000012,0
-0.000014,0
-0.000015,0
-0.000017,0
-0.000019,0
-0.000020,0
-0.000022,0
-0.000023,0
-0.000024,0
-0.000026,0
-0.000027,0
-0.000028,0
-0.000029,0
-0.000030,0
-0.000030,0
-0.000031,0
-0.000032,0
-0.000032,0
-0.000033,0
-0.000033,0
-0.000034,0
-0.000034,0
-0.000034,0
-0.000034,0
-0.000034,0
-0.000034,0
-0.000034,0
-0.000034,0
-0.000034,0
-0.000034,0
-0.000034,0
-0.000033,0
-0.000033,0
-0.000033,0
-0.000032,0
-32,0
-0.000031,0
-0.000030,0
0030,0
-0.000029,0
-0.000029,0
-0.000028,0
-0.000027,0
-0.000026,0
-00026,0
-000025,0
-000024,0
-
-0.000022,
-0.000021,0
-0.000021,0
-0.000020,0
-0.000019,0
-0.000018,0
-0.000017,0
--0.000015,0
-0.000014,0
-0.000013,0
-0.000013,0
-0.000012,0
-0.000009,0
0.000009,0
.0.000009,0
0.000009,0
0.000009,0
.
0.000008,0
0.000008,0
0.000008,0
00.000008,0
0.000007,0
0.000007,0
00.000007,0
0.000006,0
0.000006,0
.-0.000003,0
-000003,0
--0.000003,0
-0.000003,0
-0.000003,0
-0003,0
0.0-0.000003,0
-0.000003,0
-0.000003,0
-03,0
-0.0.000000,0
0.000000,0
0000000,0
0.000001,0
0.000001,0
00.000000,0
0.000000,0
0000000,0
0.000000,0
0.000000,0
0.000000,0
0.000000,0
0-.000000,0
-0000,0
-0.0.000000,0
0.000000,0
0.000000,0
0.000000,0
0.000000,0
0.000000,0
0-0.003240,0
-4719,0
-0.0.008976,0
0.027381,0
0.023535,0
.-0.017724,0
00-0.025379,0
-0.017816,0
0006783,0
0.010918,0
0.013168,0
0.006080,0
00.002749,0
0.013363,0
0.015326,0
00.006635,0
0.008170,0
0.007996,0
.-0.009114,0
-0.007479,0
0393,0
0.078,0
-0.006608,0
-0.006715,0
-0.014344,0
-0.030168,0
--0.028630,0
-0.015587,0
-0.012285,0
0-0.009669,0
-0.005114,0
-0.004810,0

00-0.003911,0
00.004664,0
0.006091,0
01758,0
-0.002996,0
-0.002715,0
-0.004178,0
0
-0.00.008759,0
00.001785,0
0.005268,0
0.007781,0
.-0.011228,0
-0.013364,0
-0.012208,0
-0.008288,0
-0.004659,0
-0.004335,0
0-0.011211,0
-0.013518,0
-0.009900,0
0-0.018749,0
-0.023023,0
-0.012019,0
-.002613,0
-.005881,0
-0.007574,0
0.001113,0
0.007213,0
.9,0
-0.248,0
-09632,0
-0246,0
-0014391,0
-0.008830,0
0.002862,0
0.011535,0
00.009010,0
0,0
0.00,0
0.00.009354,0
0.011999,0
90.005940,0
-0.001403,0
-0.007785,0
-074,0
-010752,0
-.032330,0
-0.045132,0
-0.027068,0
-0.007466,0
0-0.014605,0
-484,0
-0.00.002994,0
-0.000396,0
0.030377,0
.75,0
.00.014463,0
0.014372,0
0.019020,0
002,0
0.025904,0
0.017748,0
0.011307,0
0
0.021630,0
0.018004,0
0.013726,0
0-0.017008,0
0.004327,0
03321,0
0.20,0
0.010430,0
0.009401,0
0.009333,0
00.006907,0
-0.004514,0
-0.006970,0
03305,0
0.-0.030431,0
00.015842,0
0.027452,0
0-0.042481,0
-0.037861,0
-0.014752,0
.-0.056029,0
-0.051321,0
1-0.032913,0
-0.023291,0
-0.023596,0
0
-0.054852,0
-0.051968,0
-0.045418,0
-0.042867,0
4-0.034780,0
-0.037978,0
0695,0
-0.000293,0
-0.008448,0
-0.019024,0
-0.016517,0
-7017,0
-0.029894,0
-0.041560,0
-0.044648,0
-0.042162,0
-0.034063,0
-0.032287,0
0-0.056050,0
-0.041217,0
-0.021487,0
-0.008489,0
-0.004786,0
-0.015501,0
-0.026074,0
-467,0
0.01-0.002339,0
0.004901,0
-0.003409,0
-0.008926,0
.
0.007-0.042956,0
-0.046096,0
0
-0.00
-0.08737,0
-0.017913,0
-0.050866,0
-074,0
-0.67552,0
-0.049234,0
-0.037616,0
-0.034315,0
-0.045369,0
0-0.034092,0
-0.022341,0
-0.035387,0
-0.037259,0
-0.003883,0
.0.009159,0
-0.005749,0
-0.003923,0
-0.001231,0
-003930,0
035,0
-0.010234,0
-0.010330,0
-0.002655,0
0,0
0.0,0
0.002663,0
0.017622,0
0.022296,0
00160,0
-0.018081,0
-0.010092,0
-0.000896,0
7-0.007596,0
-0.002451,0
0.005776,0
0.016303,0
0.025136,0
0.027582,0
0.027005,0
0026094,0
0.020557,0
.33,0
0.002602,0
0.017660,0
0.028197,0
0.016724,0
0.010244,0
50.034247,0
0.014319,0
-0.006061,0
5-0.010777,0
-0.009465,0
-0.007230,0
-2,0
0.0012,0
0025420,0
.-0.018366,0
1-0.001786,0
0.018983,0
0.030690,0
.0.019763,0
0.002645,0
-0.011877,0
0-0.024144,0
-0.022088,0
0,0
-0.011234,0
-0.003381,0
0.003169,0
0.006430,0
003629,0
-0.007546,0
-0.014642,0
-0.008433,0
-0.001118,0
-7,0
-0.0
0.004195,0
0.007825,0
0.006721,0
0.004481,0
0-0.005358,0
0000151,0
0668,0
0370.000062,0
-0.004619,0
-0.007166,0
0
-0006324,0
-0.020628,0
-0.026492,0
-0.009242,0
0.009571,0
.,0
.0,0
.9,0
-0.002703,0
-0.020947,0
-0.028769,0
-0.014085,0
0.001487,0
00.004381,0
0.010642,0
0.018066,0
0.025901,0
0.024541,0
0.005234,0
-0.010712,0
-0.007383,0
-0.002555,0
-7637,0
-02611,0
02,0
-0.013026,0
-0.014837,0
-0.011807,0
0.000063,0
0.005769,0
05,0
-0.0106,0
-0-0.014159,0
-0.013283,0
0.003336,0
0.015015,0
0.005374,0
00.001850,0
0.010979,0
0.017550,0
0.016077,0
.-0.015667,0
-0.018686,0
-0.012485,0
10.015430,0
0.019935,0
0.015783,0
2-0.007847,0
-0.005458,0
-0.003377,0
0
0.01-0.013238,0
-0.003519,0
0.014087,0
0.025391,0
0.018513,0
.,0
0.-0.044889,0
-0.035489,0
-0.020669,0
0075,0
-0.005328,0
-0.014474,0
-0.018583,0
-0.003522,0
00.015112,0
0.024199,0
014472,0
0.002577,0
-0.003068,0
-0.002828,0
0-0.015228,0
0,0
-015555,0
-14,0
-0.005,0
0.-0.030313,0
-0.010094,0
0-0.010391,0
-00903,0
0.0
-0.014581,0
0.003442,0
0-0.039787,0
.
-067638,0
0,0
-0.028696,0
-0.016271,0
0-0.072618,0
-0.030995,0
0.006781,0
-0.001520,0
-0.006710,0
09750,0
0.10,0
0.00.090183,0
0.075258,0
0.059011,0
0.062569,0
0.063802,0
0.048056,0
0.034464,0
0.034610,0
.43,0
0.042027,0
0.044319,0
0.042969,0
0.035680,0
0.021533,0
0.006912,0
-0.003732,0
-0.021337,0
-0.053623,0
0746,0
-0.077556,0
-0.058804,0
-0.022854,0
-0.003592,0
-0.029073,0
-0.052441,0
-0.040484,0
077,0
-007,0
-03743,0
-0.033544,0
-0.025074,0
-0.053015,0
-0.068684,0
-0.040692,0
-0.008056,0
0.006504,0
1
.097,0
0.001509,0
-0.022553,0
-0.044222,0
-0.053796,0
016,0
0.0.004023,0
0.014426,0
0.017343,0
-0.000733,0
-0.013616,0
-004961,0
-0.001079,0
-0.017884,0
.
0.4,0
0.031719,0
0.017599,0
-0.001002,0
-0.005786,0
-0.005957,0
-0.002573,0
-0.000752,0
-0.007471,0
-0.009575,0
.-0.003976,0
--0.002313,0
-0.005515,0
0-0.003041,0
0.005035,0
0.018957,0
0.020335,0
5-0.022955,0
-0.011643,0
0.001142,0
0-0.009703,0
-0.016459,0
-0.015715,0
00780,0
0.2,0
0.01-0.014440,0
-0.014440,0
-0.014440,0
-0.014440,0
-0.014440,0
-0.014440,0
-0.014440,0
-0.014440,0
-0.014440,0
-0.014440,0
-0.014440,0
-0.014440,0
-0.014440,0
-0.014440,0
-0.014440,0
-0.014440,0
-0.014440,0
-0.014440,0
-0.014440,0
-0.014440,0
-0.014440,0
-0.014440,0
-0.014440,0
-0.014440,0
-0.014440,0
-0.014440,0
-0.014440,0
-0.014440,0
-0.014440,0
-0.014440,0
-0.014440,0
-0.014440,0
-0.014440,0
-0.014440,0
-0.014440,0
-0.014440,0
-0.014440,0
-0.014440,0
-0.014440,0
-0.014440,0
-0.014440,0
-0.014440,0
-0.014440,0
-0.014440,0
-0.014440,0
-0.014440,0
-0.014440,0
-0.014440,0
-0.014440,0
-0.014440,0
-0.014440,0
-0.014440,0
-0.014440,0
-0.014440,0
-0.014440,0
-0.014440,0
-0.014440,0
-0.014440,0
-0.014440,0
-0.014440,0
-0.014440,0
-0.014440,0
-0.014440,0
-0.014440,0
-0.014440,0
-0.014440,0
-0.014440,0
-0.014440,0
-0.014440,0
-0.014440,0
-0.014440,0
-0.014440,0
-0.014440,0
-0.014440,0
-0.014440,0
-0.014440,0
-0.014440,0
-0.014440,0
-0.014440,0
-0.014440,0
-0.014440,0
-0.014440,0
-0.014440,0
-0.014440,0
-0.014440,0
-0.014440,0
-0.014440,0
-0.014440,0
-0.014440,0
-0.014440,0
-0.014440,0
-0.014440,0
-0.014440,0
-0.014440,0
-0.014440,0
-0.014440,0
-0.014440,0
-0.014440,0
-0.014440,0
-0.014440,0
-0.014440,0
-0.014440,0
-0.014440,0
-0.014440,0
-0.014440,0
-0.014440,0
-0.014440,0
-0.014440,0
-0.014440,0
-0.014440,0
-0.014440,0
-0.014440,0
-0.014440,0
-0.014440,0
-0.014440,0
-0.014440,0
-0.014440,0
-0.014440,0
-0.014440,0
-0.014440,0
-0.014440,0
-0.014440,0
-0.014440,0
-0.014440,0
-0.014440,0
-0.014440,0
-0.014440,0
-0.014440,0
-0.014440,0
-0.014440,0
-0.007612,0
-0.007612,0
-0.007612,0
-0.007612,0
-0.007612,0
-0.007612,0
-0.007612,0
-0.007612,0
-0.007612,0
-0.007612,0
-0.007612,0
-0.007612,0
-0.007612,0
-0.007612,0
-0.007612,0
-0.007612,0
-0.007612,0
-0.007612,0
-0.007612,0
-0.007612,0
-0.007612,0
-0.007612,0
-0.007612,0
-0.007612,0
-0.007612,0
-0.007612,0
-0.007612,0
-0.007612,0
-0.007612,0
-0.007612,0
-0.007612,0
-0.007612,0
-0.007612,0
-0.007612,0
-0.007612,0
-0.007612,0
-0.007612,0
-0.007612,0
-0.007612,0
-0.007612,0
-0.007612,0
-0.007612,0
-0.007612,0
-0.007612,0
-0.007612,0
-0.007612,0
-0.007612,0
-0.007612,0
-0.007612,0
-0.007612,0
-0.007612,0
-0.007612,0
-0.007612,0
-0.007612,0
-0.007612,0
-0.007612,0
-0.007612,0
-0.007612,0
-0.007612,0
-0.007612,0
-0.007612,0
-0.007612,0
-0.007612,0
-0.007612,0
-0.007612,0
-0.007612,0
-0.007612,0
-0.007612,0
-0.007612,0
-0.007612,0
-0.007612,0
-0.007612,0
-0.007612,0
-0.007612,0
-0.007612,0
-0.007612,0
-0.007612,0
-0.007612,0
-0.007612,0
-0.007612,0
-0.007612,0
-0.007612,0
-0.007612,0
-0.007612,0
-0.007612,0
-0.007612,0
-0.007612,0
-0.007612,0
-0.007612,0
-0.007612,0
-0.007612,0
-0.007612,0
-0.007612,0
-0.007612,0
-0.007612,0
-0.007612,0
-0.007612,0
-0.007612,0
-0.007612,0
-0.007612,0
-0.007612,0
-0.007612,0
-0.007612,0
-0.007612,0
-0.007612,0
-0.007612,0
-0.007612,0
-0.007612,0
-0.007612,0
-0.007612,0
-0.007612,0
-0.007612,0
-0.007612,0
-0.007612,0
-0.007612,0
-0.007612,0
-0.007612,0
-0.007612,0
-0.007612,0
-0.007612,0
-0.007612,0
-0.007612,0
-0.007612,0
-0.007612,0
-0.007612,0
-0.007612,0
-0.007612,0
-0.007612,0
-0.007612,0
-0.007612,0
-0.007612,0
-0.007612,0
-0.007612,0
-0.007612,0
-0.007612,0
-0.007612,0
-0.007612,0
-0.007612,0
-0.007612,0
-0.007612,0
-0.007612,0
-0.007612,0
-0.007612,0
-0.007612,0
-0.007612,0
-0.007612,0
-0.007612,0
-0.007612,0
-0.007612,0
-0.007612,0
-0.007612,0
-0.007612,0
-0.007612,0
-0.007612,0
-0.007612,0
-0.007612,0
-0.007612,0
-0.007612,0
-0.007612,0
-0.007612,0
-0.007612,0
-0.007612,0
-0.007612,0
-0.007612,0
-0.007612,0
-0.007612,0
-0.007612,0
-0.007612,0
-0.007612,0
-0.007612,0
-0.007612,0
-0.007612,0
-0.007612,0
-0.007612,0
-0.007612,0
-0.007612,0
-0.007612,0
-0.007612,0
-0.007612,0
-0.007612,0
-0.007612,0
-0.007612,0
-0.007612,0
-0.007612,0
-0.007612,0
-0.007612,0
-0.007612,0
-0.007612,0
-0.007612,0
-0.007612,0
-0.007612,0
-0.007612,0
-0.007612,0
-0.007612,0
-0.007612,0
-0.007612,0
-0.007612,0
-0.007612,0
-0.007612,0
-0.007612,0
-0.007612,0
-0.007612,0
-0.007612,0
-0.007612,0
-0.007612,0
-0.007612,0
-0.007612,0
-0.007612,0
-0.007612,0
-0.007612,0
-0.007612,0
-0.007612,0
-0.007612,0
-0.007612,0
-0.007612,0
-0.007612,0
-0.007612,0
-0.007612,0
-0.007612,0
-0.007612,0
-0.007612,0
-0.007612,0
-0.007612,0
-0.007612,0
-0.007612,0
-0.007612,0
-0.007612,0
-0.007612,0
-0.007612,0
-0.007612,0
-0.007612,0
-0.007612,0
-0.007612,0
-0.007612,0
-0.007612,0
-0.007612,0
-0.007612,0
-0.007612,0
-0.007612,0
-0.007612,0
-0.007612,0
-0.007612,0
-0.007612,0
-0.007612,0
-0.007612,0
-0.007612,0
-0.007612,0
-0.007612,0
-0.007612,0
-0.007612,0
-0.007612,0
-0.007612,0
-0.007612,0
-0.007612,0
-0.007612,0
-0.007612,0
-0.007612,0
-0.007612,0
-0.007612,0
-0.007612,0
-0.007612,0
-0.007612,0
-0.007612,0
-0.007612,0
-0.020450,0
-0.020450,0
-0.020450,0
-0.020450,0
-0.020450,0
-0.020450,0
-0.020450,0
-0.020450,0
-0.020450,0
-0.020450,0
-0.020450,0
-0.020450,0
-0.020450,0
-0.020450,0
-0.020450,0
-0.020450,0
-0.020450,0
-0.020450,0
-0.020450,0
-0.020450,0
-0.020450,0
-0.020450,0
-0.020450,0
-0.020450,0
-0.020450,0
-0.020450,0
-0.020450,0
-0.020450,0
-0.020450,0
-0.020450,0
-0.020450,0
-0.020450,0
-0.020450,0
-0.020450,0
-0.020450,0
-0.020450,0
-0.020450,0
-0.020450,0
-0.020450,0
-0.020450,0
-0.020450,0
-0.020450,0
-0.020450,0
-0.020450,0
-0.020450,0
-0.020450,0
-0.020450,0
-0.020450,0
-0.020450,0
-0.020450,0
-0.020450,0
-0.020450,0
-0.020450,0
-0.020450,0
-0.020450,0
-0.020450,0
-0.020450,0
-0.020450,0
-0.020450,0
-0.020450,0
-0.020450,0
-0.020450,0
-0.020450,0
-0.020450,0
-0.020450,0
-0.020450,0
-0.020450,0
-0.020450,0
-0.020450,0
-0.020450,0
-0.020450,0
-0.020450,0
-0.020450,0
-0.020450,0
-0.020450,0
-0.020450,0
-0.020450,0
-0.020450,0
-0.020450,0
-0.020450,0
-0.020450,0
-0.020450,0
-0.020450,0
-0.020450,0
-0.020450,0
-0.020450,0
-0.020450,0
-0.020450,0
-0.020450,0
-0.020450,0
-0.020450,0
-0.020450,0
-0.020450,0
-0.020450,0
-0.020450,0
-0.020450,0
-0.020450,0
-0.020450,0
-0.020450,0
-0.020450,0
-0.020450,0
-0.020450,0
-0.020450,0
-0.020450,0
-0.020450,0
-0.020450,0
-0.020450,0
-0.020450,0
-0.020450,0
-0.020450,0
-0.020450,0
-0.020450,0
-0.020450,0
-0.020450,0
-0.020450,0
-0.020450,0
-0.020450,0
-0.020450,0
-0.020450,0
-0.020450,0
-0.020450,0
-0.020450,0
-0.020450,0
-0.020450,0
-0.020450,0
-0.020450,0
-0.020450,0
-0.020450,0
-0.020450,0
-0.020450,0
-0.020450,0
-0.020450,0
-0.020450,0
-0.020450,0
-0.020450,0
-0.020450,0
-0.020450,0
-0.020450,0
-0.020450,0
-0.020450,0
-0.020450,0
-0.020450,0
-0.020450,0
-0.020450,0
-0.020450,0
-0.020450,0
-0.020450,0
-0.020450,0
-0.020450,0
-0.020450,0
-0.020450,0
-0.020450,0
-0.020450,0
-0.020450,0
-0.020450,0
-0.020450,0
-0.020450,0
-0.020450,0
-0.020450,0
-0.020450,0
-0.020450,0
-0.020450,0
-0.020450,0
-0.020450,0
-0.020450,0
-0.020450,0
-0.020450,0
-0.020450,0
-0.020450,0
-0.020450,0
-0.020450,0
-0.020450,0
-0.020450,0
-0.020450,0
-0.020450,0
-0.020450,0
-0.020450,0
-0.020450,0
-0.020450,0
-0.020450,0
-0.020450,0
-0.020450,0
-0.020450,0
-0.020450,0
-0.020450,0
-0.020450,0
-0.020450,0
-0.020450,0
-0.020450,0
-0.020450,0
-0.020450,0
-0.020450,0
-0.020450,0
-0.020450,0
-0.020450,0
-0.020450,0
-0.020450,0
-0.020450,0
-0.020450,0
-0.020450,0
-0.020450,0
-0.020450,0
-0.020450,0
-0.020450,0
-0.020450,0
-0.020450,0
-0.020450,0
-0.020450,0
-0.020450,0
-0.020450,0
-0.020450,0
-0.020450,0
-0.020450,0
-0.020450,0
-0.020450,0
-0.020450,0
-0.020450,0
-0.020450,0
-0.020450,0
-0.020450,0
-0.020450,0
-0.020450,0
-0.020450,0
-0.020450,0
-0.020450,0
-0.020450,0
-0.020450,0
-0.020450,0
-0.020450,0
-0.020450,0
-0.020450,0
-0.020450,0
-0.020450,0
-0.020450,0
-0.020450,0
-0.020450,0
-0.020450,0
-0.020450,0
-0.020450,0
-0.020450,0
-0.020450,0
-0.020450,0
-0.020450,0
-0.020450,0
-0.020450,0
-0.020450,0
-0.020450,0
-0.020450,0
-0.020450,0
-0.020450,0
-0.020450,0
-0.020450,0
-0.020450,0
-0.020450,0
-0.020450,0
-0.020450,0
-0.020450,0
-0.020450,0
-0.020450,0
-0.020450,0
-0.020450,0
-0.020450,0
-0.020450,0
-0.031883,0
-0.029787,0
-0.016931,0
0.008684,0
0.023824,0
0.008855,0
-0.004235,0
0.007284,0
0.020177,0
0.020828,0
0.018707,0
0.017321,0
0.018480,0
0.026010,0
0.030395,0
0.023545,0
0.008655,0
-0.012538,0
-0.017922,0
0.010123,0
0.032866,0
0.022169,0
0.003553,0
-0.008395,0
-0.013706,0
-0.007843,0
-0.001995,0
-0.006484,0
-0.011404,0
-0.009776,0
-0.006044,0
-0.002507,0
-0.002554,0
-0.009858,0
-0.007704,0
0.016827,0
0.029469,0
0.005295,0
-0.009847,0
0.015013,0
0.029136,0
-0.000225,0
-0.018156,0
0.010271,0
0.032040,0
0.015122,0
-0.001853,0
0.002265,0
0.000576,0
-0.020166,0
-0.036636,0
-0.036302,0
-0.033015,0
-0.033006,0
-0.027202,0
-0.011763,0
-0.001722,0
-0.006846,0
-0.015617,0
-0.021955,0
-0.020034,0
-0.003581,0
0.015792,0
0.028776,0
0.040213,0
0.052359,0
0.059553,0
0.058093,0
0.050533,0
0.037989,0
0.029365,0
0.032399,0
0.037663,0
0.038580,0
0.036136,0
0.029706,0
0.022293,0
0.016746,0
0.010150,0
0.000259,0
-0.010397,0
-0.020158,0
-0.023818,0
-0.016550,0
-0.017045,0
-0.038980,0
-0.053093,0
-0.038789,0
-0.025007,0
-0.030068,0
-0.031777,0
-0.017236,0
-0.007809,0
-0.015932,0
-0.022494,0
-0.016214,0
-0.003779,0
0.013163,0
0.023947,0
0.018093,0
0.013027,0
0.021583,0
0.021416,0
-0.002800,0
-0.017908,0
-0.001362,0
0.012817,0
0.002827,0
-0.009059,0
-0.011074,0
-0.015571,0
-0.027562,0
-0.029129,0
-0.009203,0
-0.004277,0
-0.039778,0
-0.073327,0
-0.077247,0
-0.066384,0
-0.046217,0
-0.021340,0
0.000889,0
0.010443,0
0.000611,0
-0.015452,0
-0.028583,0
-0.038088,0
-0.040705,0
-0.032123,0
-0.009343,0
0.004697,0
-0.006878,0
-0.017323,0
-0.008344,0
0.002449,0
0.005491,0
0.005043,0
0.000907,0
-0.000174,0
0.008605,0
0.013560,0
0.004149,0
-0.003273,0
0.002174,0
0.009311,0
0.011940,0
0.018772,0
0.034852,0
0.044824,0
0.038786,0
0.027709,0
0.017961,0
0.012965,0
0.017226,0
0.023309,0
0.024954,0
0.021927,0
0.013523,0
0.013714,0
0.033742,0
0.040372,0
0.009679,0
-0.011056,0
0.010827,0
0.031255,0
0.022713,0
0.011434,0
0.010856,0
0.007377,0
-0.003789,0
-0.009541,0
-0.002709,0
-0.000356,0
-0.012934,0
-0.017354,0
0.001402,0
0.018879,0
0.019614,0
0.019467,0
0.026523,0
0.025229,0
0.006322,0
-0.011801,0
-0.017601,0
-0.018460,0
-0.017034,0
-0.008510,0
0.009013,0
0.020887,0
0.017468,0
0.022698,0
0.053455,0
0.076462,0
0.069303,0
0.058792,0
0.060342,0
0.059207,0
0.048360,0
0.037120,0
0.029273,0
0.024697,0
0.025345,0
0.025472,0
0.019843,0
0.008341,0
-0.009354,0
-0.021364,0
-0.018350,0
-0.019363,0
-0.037737,0
-0.050568,0
-0.042532,0
-0.031190,0
-0.026670,0
-0.029171,0
-0.041829,0
-0.052011,0
-0.048943,0
-0.046675,0
-0.055079,0
-0.058335,0
-0.045918,0
-0.035908,0
-0.039905,0
-0.044077,0
-0.040292,0
-0.036522,0
-0.036343,0
-0.036473,0
-0.036230,0
-0.025829,0
0.003095,0
0.017456,0
-0.007900,0
-0.029993,0
-0.019495,0
-0.005592,0
-0.005015,0
-0.011101,0
-0.023815,0
-0.038601,0
-0.048868,0
-0.052632,0
-0.048772,0
-0.034630,0
-0.007832,0
0.012697,0
0.012280,0
0.014387,0
0.035020,0
0.054287,0
0.060357,0
0.064854,0
0.073280,0
0.075278,0
0.065242,0
0.057261,0
0.060472,0
0.064304,0
0.063205,0
0.053669,0
0.031117,0
0.007219,0
-0.008819,0
-0.016902,0
-0.015919,0
-0.009842,0
-0.001860,0
-0.002755,0
-0.020952,0
-0.036326,0
-0.034442,0
-0.015801,0
0.021857,0
0.041111,0
0.012033,0
-0.024535,0
-0.040866,0
-0.044570,0
-0.036088,0
-0.021976,0
-0.010608,0
-0.005978,0
-0.011185,0
-0.014625,0
-0.007772,0
-0.001116,0
-0.001223,0
-0.000592,0
0.005147,0
0.003103,0
-0.014967,0
-0.028703,0
-0.023902,0
-0.020365,0
-0.030299,0
-0.031269,0
-0.009053,0
0.009355,0
0.006673,0
0.003025,0
0.009310,0
0.014257,0
0.012496,0
0.006923,0
-0.002795,0
-0.009097,0
-0.005180,0
0.002165,0
0.007665,0
0.012799,0
0.017753,0
0.014926,0
-0.000963,0
-0.011054,0
-0.001711,0
0.004876,0
-0.006265,0
-0.015802,0
-0.012171,0
-0.005517,0
-0.000461,0
0.007156,0
0.018495,0
0.020420,0
0.004093,0
-0.003867,0
0.014974,0
0.027474,0
0.011466,0
0.000445,0
0.015458,0
0.032883,0
0.039706,0
0.036820,0
0.020318,0
0.001783,0
-0.008221,0
-0.007741,0
0.005462,0
0.016635,0
0.014190,0
0.012590,0
0.021301,0
0.019667,0
-0.005938,0
-0.022812,0
-0.008276,0
0.005157,0
-0.003040,0
-0.010126,0
-0.003641,0
0.001796,0
-0.000870,0
-0.000523,0
0.008236,0
0.009907,0
-0.005305,0
-0.017600,0
-0.014504,0
-0.008364,0
-0.005664,0
-0.001449,0
0.005813,0
0.010462,0
0.009456,0
0.006725,0
0.004067,0
-0.001935,0
-0.013182,0
-0.018995,0
-0.012085,0
0.000251,0
0.013550,0
0.016041,0
-0.002873,0
-0.019920,0
-0.017733,0
-0.007770,0
0.004252,0
0.008573,0
-0.004405,0
-0.012551,0
0.001180,0
0.011651,0
0.001882,0
-0.000663,0
0.022110,0
0.031450,0
0.002119,0
-0.024608,0
-0.022213,0
-0.017166,0
-0.023598,0
-0.024846,0
-0.013074,0
-0.002312,0
0.000191,0
-0.003244,0
-0.013495,0
-0.016693,0
-0.001119,0
0.012820,0
0.010135,0
0.004005,0
0.001779,0
0.004410,0
0.014704,0
0.021330,0
0.014654,0
-0.002585,0
-0.029240,0
