Command: /home/vedant/.espressif/python_env/idf5.5_py3.10_env/bin/python /home/vedant/esp/esp-idf/tools/idf_monitor.py -p /dev/ttyUSB0 -b 115200 --toolchain-prefix xtensa-esp32-elf- --target esp32 --revision 0 /home/vedant/Bidex_Hand_Project/eog_bioamp/build/eog_bioamp.elf /home/vedant/Bidex_Hand_Project/eog_bioamp/build/bootloader/bootloader.elf -m '/home/vedant/.espressif/python_env/idf5.5_py3.10_env/bin/python' '/home/vedant/esp/esp-idf/tools/idf.py'
ets Jul 29 2019 12:21:46

rst:0x1 (POWERON_RESET),boot:0x13 (SPI_FAST_FLASH_BOOT)
configsip: 0, SPIWP:0xee
clk_drv:0x00,q_drv:0x00,d_drv:0x00,cs0_drv:0x00,hd_drv:0x00,wp_drv:0x00
mode:DIO, clock div:2
load:0x3fff0030,len:6380
ho 0 tail 12 room 4
load:0x40078000,len:15916
load:0x40080400,len:3860
entry 0x40080638
[0;32mI (29) boot: ESP-IDF v5.5 2nd stage bootloader[0m
[0;32mI (29) boot: compile time Jan 13 2026 13:56:03[0m
[0;32mI (29) boot: Multicore bootloader[0m
[0;32mI (30) boot: chip revision: v3.1[0m
[0;32mI (33) boot.esp32: SPI Speed      : 40MHz[0m
[0;32mI (37) boot.esp32: SPI Mode       : DIO[0m
[0;32mI (40) boot.esp32: SPI Flash Size : 2MB[0m
[0;32mI (44) boot: Enabling RNG early entropy source...[0m
[0;32mI (49) boot: Partition Table:[0m
[0;32mI (51) boot: ## Label            Usage          Type ST Offset   Length[0m
[0;32mI (57) boot:  0 nvs              WiFi data        01 02 00009000 00006000[0m
[0;32mI (64) boot:  1 phy_init         RF data          01 01 0000f000 00001000[0m
[0;32mI (71) boot:  2 factory          factory app      00 00 00010000 00100000[0m
[0;32mI (77) boot: End of partition table[0m
[0;32mI (80) esp_image: segment 0: paddr=00010020 vaddr=3f400020 size=0c318h ( 49944) map[0m
[0;32mI (105) esp_image: segment 1: paddr=0001c340 vaddr=3ff80000 size=00020h (    32) load[0m
[0;32mI (105) esp_image: segment 2: paddr=0001c368 vaddr=3ffb0000 size=03178h ( 12664) load[0m
[0;32mI (114) esp_image: segment 3: paddr=0001f4e8 vaddr=40080000 size=00b30h (  2864) load[0m
[0;32mI (118) esp_image: segment 4: paddr=00020020 vaddr=400d0020 size=28240h (164416) map[0m
[0;32mI (180) esp_image: segment 5: paddr=00048268 vaddr=40080b30 size=10444h ( 66628) load[0m
[0;32mI (215) boot: Loaded app from partition at offset 0x10000[0m
[0;32mI (215) boot: Disabling RNG early entropy source...[0m
[0;32mI (225) cpu_start: Multicore app[0m
[0;32mI (233) cpu_start: Pro cpu start user code[0m
[0;32mI (233) cpu_start: cpu freq: 160000000 Hz[0m
[0;32mI (234) app_init: Application information:[0m
[0;32mI (234) app_init: Project name:     eog_bioamp[0m
[0;32mI (238) app_init: App version:      1[0m
[0;32mI (241) app_init: Compile time:     Jan 13 2026 13:55:47[0m
[0;32mI (246) app_init: ELF file SHA256:  0555cabbc...[0m
[0;32mI (250) app_init: ESP-IDF:          v5.5[0m
[0;32mI (254) efuse_init: Min chip rev:     v0.0[0m
[0;32mI (258) efuse_init: Max chip rev:     v3.99 [0m
[0;32mI (262) efuse_init: Chip rev:         v3.1[0m
[0;32mI (266) heap_init: Initializing. RAM available for dynamic allocation:[0m
[0;32mI (272) heap_init: At 3FFAE6E0 len 00001920 (6 KiB): DRAM[0m
[0;32mI (277) heap_init: At 3FFB6248 len 00029DB8 (167 KiB): DRAM[0m
[0;32mI (282) heap_init: At 3FFE0440 len 00003AE0 (14 KiB): D/IRAM[0m
[0;32mI (288) heap_init: At 3FFE4350 len 0001BCB0 (111 KiB): D/IRAM[0m
[0;32mI (293) heap_init: At 40090F74 len 0000F08C (60 KiB): IRAM[0m
[0;33mW (300) spi_flash: boya detected but related driver is not linked, please check option `SPI_FLASH_SUPPORT_BOYA_CHIP`[0m
[0;32mI (309) spi_flash: detected chip: generic[0m
[0;32mI (312) spi_flash: flash io: dio[0m
[0;33mW (315) spi_flash: Detected size(4096k) larger than the size in the binary image header(2048k). Using the size in the binary image header.[0m
[0;33mW (328) ADC: legacy driver is deprecated, please migrate to `esp_adc/adc_oneshot.h`[0m
[0;32mI (336) main_task: Started on CPU0[0m
[0;32mI (346) main_task: Calling app_main()[0m
ESP32 EOG Blink Detection Started (GPIO34)
0.041333,1
0.226478,1
0.491154,1
0.559652,1
0.419379,1
0.319623,1
0.298420,1
0.250011,1
0.172650,1
0.121482,1
0.109488,0
0.107876,0
0.090155,0
0.064394,0
0.062717,0
0.053236,0
-0.015705,0
-0.105083,0
-0.155823,0
-0.161686,0
-0.160088,0
-0.188118,0
-0.223103,0
-0.216187,0
-0.176937,0
-0.152760,0
-0.136055,0
-0.112034,0
-0.135727,0
-0.204521,0
-0.219986,0
-0.173958,0
-0.175781,0
-0.239189,0
-0.239853,0
-0.167725,0
-0.155663,0
-0.210365,0
-0.209908,0
-0.148735,0
-0.145630,0
-0.182144,0
-0.120743,0
-0.050896,0
-0.143166,0
-0.265312,0
-0.241905,0
-0.149036,0
-0.122360,0
-0.179943,0
-0.234055,0
-0.177677,0
-0.005981,0
0.131649,0
0.169128,0
0.237499,0
0.313663,0
0.264225,0
0.164715,0
0.115395,0
0.070415,0
-0.042706,0
-0.216755,0
-0.358440,0
-0.390625,0
-0.339821,0
-0.276478,0
-0.215862,0
-0.151417,0
-0.099611,0
-0.070459,0
-0.074794,0
-0.100012,0
-0.074723,0
-0.001982,0
0.034382,0
0.045127,0
0.062205,0
0.056040,0
0.046488,0
0.076239,0
0.126797,0
0.159498,0
0.168215,0
0.173409,0
0.182903,0
0.181591,0
0.156292,0
0.110073,0
0.064438,0
0.048527,0
0.082134,0
0.153679,0
0.211266,0
0.209766,0
0.154510,0
0.066956,0
-0.024380,0
-0.069801,0
-0.069836,0
-0.067207,0
-0.040192,0
0.038712,0
0.106972,0
0.114090,0
0.116913,0
0.167938,0
0.211891,0
0.209572,0
0.224365,0
0.270737,0
0.254852,0
0.153183,0
0.081100,0
0.114548,0
0.165756,0
0.141762,0
0.117378,0
0.152252,0
0.165390,0
0.143402,0
0.138618,0
0.127472,0
0.088768,0
0.045124,0
0.011520,0
0.001541,0
0.015427,0
0.022236,0
0.004723,0
-0.012173,0
-0.018185,0
-0.033165,0
-0.045456,0
-0.026325,0
0.014610,0
0.037811,0
0.018429,0
-0.029686,0
-0.065807,0
-0.061646,0
-0.028421,0
0.016136,0
0.063505,0
0.063629,0
-0.012135,0
-0.057177,0
-0.008297,0
-0.001859,0
-0.133369,0
-0.310632,0
-0.400344,0
-0.354069,0
-0.229797,0
-0.106249,0
0.001823,0
0.096966,0
0.128139,0
0.085075,0
0.083435,0
0.160372,0
0.169577,0
0.063885,0
-0.013195,0
-0.005797,0
0.033886,0
0.091244,0
0.115373,0
0.065471,0
-0.002027,0
-0.042916,0
-0.054461,0
-0.047673,0
-0.046352,0
-0.036751,0
-0.013371,0
-0.025168,0
-0.075413,0
-0.106464,0
-0.105709,0
-0.101465,0
-0.093027,0
-0.073084,0
-0.063269,0
-0.086117,0
-0.113058,0
-0.083464,0
-0.012272,0
0.010311,0
-0.025558,0
-0.041241,0
-0.030701,0
-0.031662,0
-0.019537,0
0.005032,0
-0.012630,0
-0.061958,0
-0.070845,0
-0.031054,0
0.002928,0
0.017525,0
0.026512,0
0.008755,0
-0.039543,0
-0.062214,0
-0.038153,0
-0.033802,0
-0.071915,0
-0.076050,0
-0.018463,0
0.026098,0
-0.007170,0
-0.077398,0
-0.073530,0
0.009483,0
0.034416,0
-0.037571,0
-0.090988,0
-0.090977,0
-0.097761,0
-0.108713,0
-0.087130,0
-0.041090,0
-0.006645,0
0.013663,0
0.038359,0
0.047247,0
0.032282,0
0.031787,0
0.049076,0
0.049543,0
0.032880,0
0.013925,0
-0.006214,0
-0.015073,0
-0.008131,0
-0.002364,0
-0.010595,0
-0.042755,0
-0.077547,0
-0.058097,0
0.014050,0
0.055274,0
0.033857,0
0.022011,0
0.056388,0
0.074109,0
0.041048,0
0.008776,0
0.021545,0
0.054576,0
0.049726,0
0.022141,0
0.032960,0
0.052974,0
0.040421,0
0.035352,0
0.044935,0
0.035713,0
0.033731,0
0.038403,0
0.000141,0
-0.014336,0
0.055549,0
0.089778,0
0.039061,0
0.024072,0
0.055702,0
0.022454,0
-0.060229,0
-0.070966,0
-0.002394,0
0.046291,0
0.036880,0
0.015122,0
0.014971,0
0.024748,0
0.030670,0
0.023083,0
-0.009946,0
-0.025223,0
0.016838,0
0.063408,0
0.073343,0
0.066185,0
0.054247,0
0.039529,0
0.027481,0
0.017830,0
0.016164,0
0.039822,0
0.067719,0
0.036048,0
-0.047357,0
-0.080544,0
-0.040765,0
-0.014984,0
-0.012579,0
0.022610,0
0.041270,0
-0.013958,0
-0.050164,0
-0.005948,0
0.013302,0
-0.048842,0
-0.091753,0
-0.060036,0
-0.028883,0
-0.023750,0
0.015813,0
0.058834,0
0.024293,0
-0.027085,0
-0.002347,0
0.027833,0
-0.020264,0
-0.079148,0
-0.071025,0
-0.035561,0
-0.036431,0
-0.050792,0
-0.032000,0
-0.003017,0
-0.016116,0
-0.067024,0
-0.086498,0
-0.036744,0
0.019972,0
0.023370,0
0.005260,0
-0.000554,0
-0.007288,0
-0.009651,0
-0.004053,0
-0.004447,0
0.003937,0
0.014956,0
-0.002160,0
-0.009500,0
0.029849,0
0.051093,0
0.005130,0
-0.059331,0
-0.088416,0
-0.076264,0
-0.053548,0
-0.055574,0
-0.059913,0
-0.018146,0
0.049746,0
0.074636,0
0.035187,0
0.005218,0
0.060204,0
0.148920,0
0.152748,0
0.057588,0
-0.022820,0
-0.004045,0
0.067202,0
0.108040,0
0.086950,0
0.012951,0
-0.046107,0
-0.030977,0
0.001840,0
-0.008101,0
-0.029044,0
-0.037454,0
-0.045175,0
-0.035520,0
0.003166,0
0.020825,0
-0.008145,0
-0.023274,0
0.009161,0
0.037655,0
0.020868,0
-0.001820,0
0.009548,0
0.014690,0
-0.003788,0
0.011510,0
0.054700,0
0.051579,0
0.018435,0
0.017433,0
0.033063,0
0.038330,0
0.030703,0
0.005709,0
-0.003300,0
0.031308,0
0.052928,0
0.020296,0
-0.016986,0
-0.010859,0
0.020856,0
0.029223,0
0.006430,0
-0.006308,0
-0.006711,0
-0.039408,0
-0.076832,0
-0.053862,0
-0.016457,0
-0.041480,0
-0.078449,0
-0.040113,0
0.014756,0
-0.024856,0
-0.090981,0
-0.061901,0
0.003107,0
0.000627,0
-0.049021,0
-0.080827,0
-0.067019,0
-0.034628,0
-0.026820,0
-0.024089,0
-0.005529,0
-0.022411,0
-0.076792,0
-0.080573,0
-0.020164,0
0.013984,0
-0.002775,0
0.000089,0
0.040096,0
0.071635,0
0.061402,0
0.006667,0
-0.022109,0
0.027032,0
0.065402,0
0.026157,0
-0.024107,0
-0.040927,0
-0.044922,0
-0.039439,0
-0.017300,0
0.012856,0
0.021527,0
0.000628,0
-0.000741,0
0.037698,0
0.065248,0
0.045972,0
-0.001967,0
-0.030062,0
0.005165,0
0.072385,0
0.096584,0
0.091216,0
0.112648,0
0.141344,0
0.143615,0
0.114375,0
0.039782,0
-0.052155,0
-0.095406,0
-0.087969,0
-0.079813,0
-0.093497,0
-0.107116,0
-0.086715,0
-0.047927,0
-0.035422,0
-0.044540,0
-0.047502,0
-0.039427,0
-0.026799,0
-0.024217,0
-0.039769,0
-0.050654,0
-0.041494,0
-0.034557,0
-0.022432,0
0.023876,0
0.066311,0
0.064117,0
0.056720,0
0.060438,0
0.030519,0
-0.019807,0
-0.040051,0
-0.023075,0
0.003308,0
0.009834,0
0.026641,0
0.057412,0
0.027232,0
-0.031945,0
-0.020191,0
0.032101,0
0.050262,0
0.031860,0
0.004689,0
-0.016408,0
-0.029597,0
-0.003725,0
0.065825,0
0.071512,0
-0.011389,0
-0.045462,0
0-0.025047,0
-0.068366,0
0.040513,0
054,0
0.0707,0
.147,0
.4482,0
0.013021,0
0.009846,0
0.047948,0
0080466,0
0.067260,0
0.029163,0
0.005826,0
.354,0
0.026903,0
0.016530,0
-0.017756,0
-.006767,0
0.044727,0
0.056540,0
0.032826,0
00902,0
0.049491,0
0.045296,0
0.010817,0
00.013731,0
0.051820,0
0.032773,0
07505,0
-0.064394,0
-0.019362,0
0.050201,0
006955,0
.3,0
0.-0.023526,0
-0.025001,0
-0.033498,0
0
0.0
002-0.006039,0
-0.021140,0
7-0.000990,0
-0.055386,0
0-0.060905,0
0.024703,0
0.058234,0
013334,0
-0.009910,0
-0.038411,0
-0.006113,0
0-0.066067,0
20.022329,0
0.038227,0
.,0
.010.007078,0
0.064134,0
05422,0
0.22028,0
0038528,0
-0.031951,0
-0.011133,0
0.020084,0
0-0.021523,0
00.033233,0
.0.035479,0
02,0
-0.061273,0
-0.079994,0
0,0
-03979,0
-0.061389,0
-0.061450,0
0.051055,0
.0,0
0.062055,0
-0.044644,0
-.016997,0
.4,0
.09,0
.42628,0
0-0.023705,0
0.005113,0
.692,0
.13,0
0.-0.074385,0
-032,0
-0.021239,0
0.046437,0
0.031100,0
--0.056533,0
-0.132206,0
00.365295,0
0.352562,0
073634,0
0-0.045002,0
-0.064930,0
-0.095642,0
04584,0
0.8564,0
-15421,0
050364,0
-0.157997,0
-0.138145,0
-0.135376,0
-156326,0
-.146610,0
-0.084496,0
-0.034492,0
-0.040104,0
0,0
-0.041592,0
-0.033440,0
-0.039726,0
064,0
-0
-0.056839,0
-0.055233,0
-0.054829,0
.0.010418,0
0.053179,0
0.018572,0
-0.300186,0
092961,0
0-0.156044,0
.2,0
-.0363106,0
0406544,0
00.042244,0
00.531475,0
-0.152550,0
-0.679073,0
0036640,0
1-0,0
0.00
0.180.245926,0
0.312363,0
004,0
0.50
0.481392,0
0.660908,0
0.952004,0
0905991,0
00.129848,0
0.178368,0
.0
-0.09,0
0.02,0
0.1,0
0.00
0.00018,0
0.09489,0
0-0.038762,0
003,0
-0.005492,0
0.020455,0
0.026528,0
00.025524,0
-0.015963,0
-0.019072,0
00
0.
0.0
0.
-0.005565,0
0.026512,0
-0.002714,0
-36990,0
0.007732,0
0.044079,0
-0.032641,0
.0
-0.119150,0
-0.043067,0
-0.002540,0
-032615,0
-0.082952,0
-0.090218,0
-0.053495,0
00.010314,0
0.034490,0
.0.070150,0
0.068230,0
-0.020664,0
-0.071732,0
-0.075240,0
-0.056232,0
20.364249,0
0300339,0
0.269239,0
0.234073,0
0.137321,0
-57,0
-0.405841,0
-0.551079,0
-0.505110,0
09,0
-0.478867,0
-0.466816,0
-0.350832,0
0432,0
0.35,0
-0.252956,0
-0.175989,0
-0.172331,0
-0.182280,0
-0.096390,0
0002751,0
-.005919,0
-0.045930,0
0.026267,0
0-0.021462,0
.,0
0
0.040612,0
-0.061457,0
-0.107980,0
8-0.067185,0
-0.076614,0
-0.060901,0
-0.031313,0
-.0.030200,0
0.000388,0
0.008445,0
010.036609,0
-0.024142,0
0678,0
0.040440,0
0.055875,0
0.010070,0
0
0.0300.002428,0
0.030465,0
7-0.004558,0
-0.035973,0
.9,0
.07,0
.0.048563,0
40.012863,0
0.003747,0
0002410,0
00.140630,0
0.054277,0
2-0.099296,0
-0.142836,0
-0.115882,0
0-0.038890,0
-0.048921,0
-0.072291,0
-0.056823,0
8-0.238550,0
-0.308684,0
4-0.281921,0
-0.269956,0
-226942,0
-0.168584,0
-0.121152,0
-0.118510,0
06,0
0.2-0.248655,0
-0.195395,0
-0.135921,0
-0.058013,0
00.110683,0
,
69-0.161369,0
-0.139072,0
-0.060115,0
000.148032,0
0.142991,0
0.045859,0
0.067176,0
0.090499,0
0.082247,0
.0.201792,0
0.089157,0
-0-0.069992,0
-0.087635,0
000.208113,0
0.229661,0
1
.0,0
0.053301,0
0.044920,0
-0.032709,0
-103446,0
0,0
0.0,0
0.029672,0
0.000896,0
-0.052634,0
01,0
0.013764,0
0.009451,0
-0.113064,0
062,0
.2
04,0
0.,0
.0,0
0.094990,0
0.133467,0
0.174103,0
.,0
.20
0178364,0
057381,0
00.091726,0
.
0.0
.00
0.076344,0
0.050317,0
0.019340,0
.0
.00
.,0
-030477,0
-078853,0
0,0
03,0
-040436,0
--0.144154,0
-0.179348,0
-0.162430,0
014,0
-0.168823,0
-0.183104,0
-0.147253,0
9-0.054956,0
-0.055510,0
-0.072247,0
0-0.084504,0
016190,0
.-0.064809,0
-0.098096,0
-0.017919,0
00-0.050631,0
-0.032811,0
--0.095595,0
-0.041065,0
018,0
0.0706,0
-0.054560,0
-0.060533,0
0.002966,0
0.030913,0
0.010861,0
-822,0
0.001936,0
0.058642,0
0065717,0
0-0.140490,0
-0.297424,0
0-0.025087,0
0-0.092274,0
-0.102749,0
-095417,0
-0.087719,0
-0
-0.050285
--0.031539,0
-0.129672,0
-0.202841,0
-0.220861,0
-0.200986,0
-0.164401,0
-0.103443,0
-0.051683,0
-0.037642,0
-0.029766,0
-0.019058,0
0.005090,0
0.064986,0
0.090582,0
0.054383,0
0.062903,0
0.125799,0
0.149618,0
0.152306,0
0.185621,0
0.187988,0
0.106031,0
0.008245,0
-0.007318,0
0.069145,0
0.138624,0
0.115005,0
0.059818,0
0.072353,0
0.112223,0
0.077095,0
-0.017559,0
-0.059809,0
-0.009430,0
0.072166,0
0.104216,0
0.052382,0
-0.006010,0
0.004995,0
0.018032,0
-0.029177,0
-0.068020,0
-0.040089,0
-0.000650,0
-0.006332,0
-0.027149,0
-0.027934,0
-0.063618,0
-0.199932,0
-0.360162,0
-0.410446,0
-0.346810,0
-0.258855,0
-0.178881,0
-0.049320,0
0.094788,0
0.098812,0
0.027328,0
0.100754,0
0.254206,0
0.282595,0
0.240187,0
0.266428,0
0.288269,0
0.207497,0
0.136469,0
0.174650,0
0.186958,0
0.096891,0
0.041611,0
0.086514,0
0.161030,0
0.164497,0
0.039228,0
-0.086874,0
-0.058670,0
0.035690,0
0.059809,0
0.042933,0
0.036298,0
0.019108,0
-0.023378,0
-0.051672,0
-0.019025,0
0.031757,0
0.015757,0
-0.031412,0
-0.028450,0
-0.012330,0
-0.014795,0
0.040124,0
0.135234,0
0.142718,0
0.090399,0
0.074832,0
0.063782,0
0.047143,0
0.044588,0
0.012248,0
-0.034058,0
-0.038158,0
-0.034803,0
-0.080364,0
-0.128675,0
-0.124182,0
-0.128717,0
-0.157194,0
-0.129642,0
-0.082611,0
-0.105129,0
-0.166225,0
-0.193821,0
-0.168278,0
-0.117867,0
-0.082008,0
-0.076862,0
-0.095169,0
-0.098228,0
-0.060051,0
-0.007317,0
-0.000957,0
-0.101658,0
-0.220215,0
-0.198521,0
-0.081959,0
-0.010002,0
-0.005856,0
-0.011562,0
-0.025269,0
-0.083073,0
-0.118416,0
-0.087370,0
-0.058992,0
-0.043829,0
-0.013247,0
-0.004665,0
-0.042881,0
-0.069471,0
-0.027315,0
0.045820,0
0.067957,0
0.013403,0
-0.053665,0
-0.063650,0
-0.037543,0
-0.028985,0
-0.031106,0
0.019991,0
0.098449,0
0.075511,0
-0.008408,0
-0.000505,0
0.052810,0
0.054472,0
0.038409,0
-0.002314,0
-0.112798,0
-0.242647,0
-0.277514,0
-0.168523,0
-0.010242,0
0.108229,0
0.172401,0
0.159935,0
0.110767,0
0.108047,0
0.142212,0
0.168001,0
0.180069,0
0.165756,0
0.141098,0
0.136173,0
0.116941,0
0.087383,0
0.092484,0
0.098272,0
0.077837,0
0.077360,0
0.116280,0
0.180664,0
0.263691,0
0.334555,0
0.361771,0
0.332861,0
0.261073,0
0.153222,0
-0.014791,0
-0.138321,0
-0.106668,0
-0.061242,0
-0.116314,0
-0.163941,0
-0.154584,0
-0.167217,0
-0.188539,0
-0.158860,0
-0.153403,0
-0.215961,0
-0.238595,0
-0.182636,0
-0.125051,0
-0.103744,0
-0.095725,0
-0.071855,0
-0.042090,0
-0.036208,0
-0.053115,0
-0.082230,0
-0.117296,0
-0.121817,0
-0.045480,0
0.067261,0
0.068883,0
-0.050269,0
-0.118043,0
-0.093535,0
-0.074316,0
-0.047072,0
0.015734,0
0.049274,0
0.050296,0
0.040122,0
0.003944,0
0.009182,0
0.094749,0
0.149055,0
0.100513,0
0.039794,0
0.064334,0
0.124631,0
0.105407,0
-0.009267,0
-0.131456,0
-0.193944,0
-0.194545,0
-0.129816,0
-0.020641,0
0.051042,0
0.067580,0
0.093901,0
0.120533,0
0.085223,0
0.012854,0
-0.016974,0
0.029886,0
0.102783,0
0.114153,0
0.067664,0
0.040091,0
0.038898,0
0.044021,0
0.070973,0
0.086510,0
0.063055,0
0.053610,0
0.069871,0
0.068026,0
0.065050,0
0.077890,0
0.058159,0
0.007710,0
-0.023170,0
-0.043202,0
-0.059924,0
-0.048805,0
-0.012307,0
0.053917,0
0.140140,0
0.182489,0
0.178360,0
0.197453,0
0.194072,0
0.084100,0
-0.032045,0
-0.063792,0
-0.100284,0
-0.168746,0
-0.167614,0
-0.108331,0
-0.110981,0
-0.166731,0
-0.172537,0
-0.132209,0
-0.114004,0
-0.126799,0
-0.133976,0
-0.094342,0
-0.024845,0
0.002649,0
-0.012028,0
-0.021410,0
-0.042493,0
-0.075792,0
-0.055663,0
0.017567,0
0.045215,0
-0.006249,0
-0.058323,0
-0.069237,0
-0.065017,0
