Command: /home/vedant/.espressif/python_env/idf5.5_py3.10_env/bin/python /home/vedant/esp/esp-idf/tools/idf_monitor.py -p /dev/ttyUSB0 -b 115200 --toolchain-prefix xtensa-esp32-elf- --target esp32 --revision 0 /home/vedant/Bidex_Hand_Project/eog_bioamp/build/eog_bioamp.elf /home/vedant/Bidex_Hand_Project/eog_bioamp/build/bootloader/bootloader.elf -m '/home/vedant/.espressif/python_env/idf5.5_py3.10_env/bin/python' '/home/vedant/esp/esp-idf/tools/idf.py'
ets Jul 29 2019 12:21:46

rst:0x1 (POWERON_RESET),boot:0x13 (SPI_FAST_FLAconfigsip: 0, SPIWP:0xee
clk_drv:0x00,q_drv:0x00,d_drv:0x00,cs0_drv:0x00,hd_drv:0x00,wp_drv:0x00
mode:DIO, clock div:2
load:0x3fff0030,len:6380
ho 0 tail 12 room 4
load:0x40078000,len:15916
load:0x40080400,len:3860
entry 0x40080638
[0;32mI (29) boot: ESP-IDF v5.5 2nd stage bootloader[0m
[0;32mI (29) boot: compile time Jan 13 2026 13:56:03[0m
[0;32mI (29) boot: Multicore bootloader[0m
[0;32mI (30) boot: chip revision: v3.1[0m
[0;32mI (33) boot.esp32: SPI Speed      : 40MHz[0m
[0;32mI (37) boot.esp32: SPI Mode       : DIO[0m
[0;32mI (40) boot.esp32: SPI Flash Size : 2MB[0m
[0;32mI (44) boot: Enabling RNG early entropy source...[0m
[0;32mI (49) boot: Partition Table:[0m
[0;32mI (51) boot: ## Label            Usage          Type ST Offset   Length[0m
[0;32mI (57) boot:  0 nvs              WiFi data        01 02 00009000 00006000[0m
[0;32mI (64) boot:  1 phy_init         RF data          01 01 0000f000 00001000[0m
[0;32mI (71) boot:  2 factory          factory app      00 00 00010000 00100000[0m
[0;32mI (77) boot: End of partition table[0m
[0;32mI (80) esp_image: segment 0: paddr=00010020 vaddr=3f400020 size=0a3a8h ( 41896) map[0m
[0;32mI (102) esp_image: segment 1: paddr=0001a3d0 vaddr=3ff80000 size=00020h (    32) load[0m
[0;32mI (102) esp_image: segment 2: paddr=0001a3f8 vaddr=3ffb0000 size=023e8h (  9192) load[0m
[0;32mI (110) esp_image: segment 3: paddr=0001c7e8 vaddr=40080000 size=03830h ( 14384) load[0m
[0;32mI (119) esp_image: segment 4: paddr=00020020 vaddr=400d0020 size=1668ch ( 91788) map[0m
[0;32mI (152) esp_image: segment 5: paddr=000366b4 vaddr=40083830 size=097dch ( 38876) load[0m
[0;32mI (174) boot: Loaded app from partition at offset 0x10000[0m
[0;32mI (174) boot: Disabling RNG early entropy source...[0m
[0;32mI (185) cpu_start: Multicore app[0m
[0;32mI (193) cpu_start: Pro cpu start user code[0m
[0;32mI (193) cpu_start: cpu freq: 160000000 Hz[0m
[0;32mI (193) app_init: Application information:[0m
[0;32mI (193) app_init: Project name:     eog_bioamp[0m
[0;32mI (197) app_init: App version:      1[0m
[0;32mI (201) app_init: Compile time:     Jan 13 2026 13:55:47[0m
[0;32mI (206) app_init: ELF file SHA256:  dd118255f...[0m
[0;32mI (210) app_init: ESP-IDF:          v5.5[0m
[0;32mI (214) efuse_init: Min chip rev:     v0.0[0m
[0;32mI (218) efuse_init: Max chip rev:     v3.99 [0m
[0;32mI (222) efuse_init: Chip rev:         v3.1[0m
[0;32mI (226) heap_init: Initializing. RAM available for dynamic allocation:[0m
[0;32mI (232) heap_init: At 3FFAE6E0 len 00001920 (6 KiB): DRAM[0m
[0;32mI (237) heap_init: At 3FFB2D78 len 0002D288 (180 KiB): DRAM[0m
[0;32mI (242) heap_init: At 3FFE0440 len 00003AE0 (14 KiB): D/IRAM[0m
[0;32mI (248) heap_init: At 3FFE4350 len 0001BCB0 (111 KiB): D/IRAM[0m
[0;32mI (253) heap_init: At 4008D00C len 00012FF4 (75 KiB): IRAM[0m
[0;33mW (260) spi_flash: boya detectedu-2.7566,0[0m
-2.5193,0
-2.3132,0
-2.6102,0
-2.3354,0
-2.1212,0
-2.4042,0
-2.1498,0
-2.0238,0
-2.3191,0
-1.8713,0
-1.5219,0
-1.8309,0
-1.6096,0
-1.4316,0
-1.6861,0
-1.2614,0
-0.9304,0
-1.2188,0
-0.9787,0
-0.7969,0
-1.0522,0
-0.6551,0
-0.3795,0
-0.6801,0
-0.3941,0
-0.2151,0
-0.5134,0
-0.1614,0
-0.0444,0
-0.4255,0
0.1087,0
.1.2214,0
1.2964,0
0.6940,0
1.0901,0
1.2411,0
0.580.9648,0
1.1265,0
0.4432,0
0.7999,0
0.8175,0
0.0507,0
0.6306,0
0.7440,0
-0.1724,0
0.5364,0
0.9260,0
-0.0269,0
0.5012,0
0.8482,0
-0.0579,0
0.4998,0
0.8240,0
-0.1121,0
0.3807,0
0.4833,0
-0.5402,0
0.4550,0
1.2768,0
0.2377,0
0.3206,0
0.3239,0
-0.5538,0
0.2185,0
0.3244,0
-0.8851,0
0.1086,0
0.7589,0
-0.4626,0
0.0771,0
0.5165,0
-0.5601,0
0.1772,0
0.7677,0
-0.3139,0
0.2842,0
1.0095,0
0.0963,0.2817,0
0.4639,0
-0.6158,0
-0.4622,0
-0.0884,0
-0.7807,0
-0.5470,0
-0.1930,0
-0.7710,0
-0.6944,0
-0.6524,0
-1.4938,0
-1.6144,0
-1.1092,0
-1.0955,0
-1.2097,0
-1.3806,0
-1.6,0
-1.0.6324,0
0.1838,0
0.0886,0
0.3105,0
-1.1870,0
-2.8398,0
-2.1903,0
0.1154,0
2.6058,0
3.6344,0
2.8378,0
1.9889,0
1.2187,0
-0.1885,0
-0.6379,0
-0.1864,0
-0.9803,0
-1.8149,0
-1.5369,0
-1.7206,0
-.66-0.2449,0
-0.4406,0
-0.1645,0
-0.3164,0
-0.1978,0
0.3700,0
0.1997,0
0.0245,0
0.3383,0
0.0662,0
-0.2717,0
0.0300,0
0.1031,0
-0.0780,0
-0.2680,0
-0.7998,0
-0.8623,0
-0.3159,0
-0.3242,0
-0.3965,0
-0.0444,0
-0.2101,0
-0.4647,0
-0.2538,0
-0.3243,0
-0.3714,0
-0.1937,0
-0.4066,0
-0.3489,0
-0.0345,0
-0.4057,0
-0.5614,0
-0.1589,-0.2133,0
-0.1353,0
0.1981,0
-0.2070,0
-0.4859,0
-0.2414,0
-0.4257,0
-0.2410,0
0.5388,0
0.4713,0
0.100.3762,0
0.4795,0
0.4722,0
0.7008,0
0.5819,0
0.5050,0
0.8310,0
0.7216,0
0.3131,0
0.3114,0
0.3895,0
0.4037,0
0.4861,0
0.3095,0
0.0038,0
0.0495,0
0.2860,0
0.2890,0.1474,0
0.6159,0
-0.3660,0
0.2883,0
0.8399,0
-0.0638,0
0-1.0771,0
-0.3399,0
-0.0861,0
-1.1645,-1.1765,0
-0.0824,0
0.4552,0
-0.-0.3095,0
0.0942,0
0.2651,0
-0.6915,0
-0.6400,0
-0.0892,0
-0.3396,0
-0.3651,0
-0.3121,0
-0.3437,0
0.2498,0
0.1570,0
-0.5944,0
-0.2399,0
-0.1222,0
-0.7381,0
-0.1514,0
0.3855,0
-0.2168,0
-0.2011,0
-0.0468,0
-0.4544,0
-0.1882,0
-0.0566,0
-0.5442,0
-0.1836,0
0.1905,0
-0.2449,0
-0.2116,0
-0.1737,0
-0.6510,0
-0.3862,0
0.0750,0
-0.2029,0
-0.3271,0
-0.3760,0
-0.5736,0
-0.2536,0
-0.2279,0
-0.6498,0
-0.2410,0
0.2384,0
-0.1130,0
-0.4656,0
-0.6579,0
-0.6239,0
-0.0610,0
0.1199,0
-0.1390,0
0.1621,0
0.3962,0
.-0.0473,0
0.0137,0
0.3189,0
0.3410,0
0.1885,0
0.1649,0
0.0191,0
-0.1259,0
0.3270,0
0.7113,0
0.2903,0
0.0799,0
0.2382,0
-0.878,0
-0.9630,0
0.8007,0
1.6507,0
1.2763,0
0.9770.5857,0
-0.5406,0
-1.8868,0
-3.5727,0
-2.94-1.3157,0
-2.3899,0
-2.7047,0
-1.0251,0
-1.5905,0
-2.0083,0
-0.5922,0
-1.1323,0
-1.4796,0
-0.1271,0
-0.7389,0
-1.0934,0
0.2516,0
-0.3957,0
-0.7815,0
0.5459,0
-0.1201,0
-0.5299,0
1.1015,0
1.3198,0
1.4683,0
2.5228,0
1.4887,0
0.2453,0
0.1897,0
-0.8887,0
-0.7418,0
0.7430,0
-0.2131,0
-0.7047,0
0.7126,0
0.0075,0
-0.5588,0
0.6953,0
0.-0.2783,0
0.9401,0
0.1790,0
-0.2656,0
1.0982,0
0.6231,0
0.3345,0
1.6814,0
1.1734,0
0.7050,0
2.3653,0
3.1820,0
3.3013,0
4.1443,0
4.1122,0
2.7964,0
1.1776,0
-0.1707,0
-0.5763,0
-1.4351,0
-3.6432,0
-3.7735,0
-2.0243,0
-2.4722,0
-3.1284,0
-2.0571,0
-1.9964,0
-1.9403,0
-0.8801,0
-1.1473,0
-1.1124,0
0.1950,0
0.1430,0
0.2193,0
1.2453,0
0.5732,0
0.1206,0
1.1442,0
0.7257,0
0.1854,0
0.9042,0
0.4537,0
0.0267,0
0.7949,0-0.4080,0
-0.4800,0
-0.5-0.9091,0
-2.0920,0
-3.6063,0
-4.2451,0
-4.1753,0
-4.1833,0
-3.9509,0
-3.2061,0
-2.5607,0
-2.3224,0
-1.9359,0
-1.0680,0
-0.3651,0
-0.1418,0
0.3000,0
0.9587,0
1.1519,0
1.1119,0
1.2918,0
1.5994,0
2.0604,0
2.5734,0
2.5538,0
1.9207,0
1.4159,0
1.2552,0
1.0025,0
1.0083,0
1.5378,0
1.5981,0
1.2505,0
1.6542,0
2.1924,0
1.8570,0
1.3406,0
1.2857,0
1.2974,0
0.8374,0
-0.1130,0
-0.5471,0
-0.4327,0
-1.5528,0
-2.6951,0
-1.6116,0
-0.9954,0
-1.8072,0
-1.0076,0
0.0389,0
-0.1867,0
0.4333,0
0.6002,0
-0.2103,0
0.5777,0
0.8435,0
-0.2400,0
0.4780,0
0.8506,0
-0.2452,0
0.4825,0
0.9247,0
-0.1796,0
0.4802,0
0.8348,0
-0.2909,0
0.4783,0
0.8780,0
-0.3173,0
0.4621,0
0.8977,0
-0.3291,0
0.4781,0
0.9839,0
-0.2568,0
0.5019,0
1.0043,0
-0.2263,0
0.5215,0
1.0-0.2254,0
0.5196,0
1.0000,0
-0.2413,0
1.0527,0
3.0642,0
2.2284,0
0.6755,0
-0.7034,0
-1.1858,0
0.4810,0
0.5838,0
--2.8518,0
-1.1419,0
-0.7765,0
-2.3115,0
-1.3078,0
-0.5429,0
-1.7650,0
-0.9986,0
-0.3787,0
-1.4984,0
-0.6888,0
-0.1281,0
-1.2753,0
-0.4662,0
0.0692,0
-1.0995,0
-0.2821,0
0.2592,0
-0.9256,0
-0.1248,0
0.4111,0
-0.7794,0
0.0114,0
0.5376,0
-0.6595,0
0.1238,0
0.6425,0
-0.5622,0
0.2147,0
0.7266,0
-0.4847,0
0.2860,0
0.7919,0
-0.4249,0
0.3402,0
0.8407,0
-0.3814,0
0.4479,0
1.1357,0
-0.0394,0
0.5752,0
1.2379,0
0.2106,0
0.6942,0
1.2345,0
0.2482,0
0.5660,0
0.9533,0
-0.0836,0
0.1798,0
1.0830,0
0.6478,0
0.2382,0
-0.0914,0
-0.5596,0
0.0163,0
0.3516,0
-0.1836,0
0.0597,0
0.3137,0
-0.0024,0
0.3435,0
0.4141,0
-0.0290,0
0.4955,0
0.8118,0
0.3433,0
0.5590,0
0.4737,0
-0.1985,0
0.2865,0
0.7015,0
0.0910,0
0.0440,0
-0.0019,0
-0.3740,0
0.2362,0
0.4288,0
-0.3325,0
0.1533,0
1.0856,0
0.7396,0
0.4478,0
0.8515,0
0.8399,0
0.4043,0
0.2302,0
0.1421,0
-0.6550,0
-2.3203,0
-3.5123,0
-3.2739,0
-2.8125,0
-2.8503,0
-2.5562,0
-2.0322,0
-1.5028,0
-0.6872,0
-0.4570,0
-0.6346,0
0.1343,0
0.7572,0
0.3508,0
0.5570,0
1.3448,0
1.1878,0
0.5702,0
0.5338,0
0.9515,0
1.3981,0
1.3728,0
0.9318,0
0.8840,0
0.9619,0
0.5875,0
0.6776,01.0812,0
1.6847,0
1.7099,0
1.0102,0
1.0225,0
1.9191,0
2.1753,0
1.5753,0
1.2161,0
1.2710,0
1.1995,0
0.9594,0
0.8041,0.8533,0
-0.8816,0
-1.7383,0
-0.7509,0
-0.1246,0
-0.5494,0
-1.3165,0
-2.5304,0
-2.7720,0
-1.9921,0
-2.0915,0
-2.1842,0
-10.0856,0
-0.5327,0
-0.8962,0
0.4547,0-0.1884,0
-0.5785,0
0.7449,0
0.0771,0
-0.3362,0
0.9647,0
0.2751,0
-0.1583,0
1.1230,0
0.4149,0
-0.0362,0
1.2288,0
0.5048,0
0.0390,0
1.2929,0
0.5643,0
0.1219,0
1.5505,0
1.1184,0
0.7113,0
1.9050,0
1.3275,0
0.7572,0
1.7858,0
1.3203,0
0.8186,0
1.6581,0
1.0907,0
0.6795,0
1.7644,0
1.3365,0
0.5133,0
1.3244,0
1.3374,0
0.3404,0
0.0476,0
-0.0782,0
0.0602,0
0.4498,0
0.0007,0
-0.2734,0
0.2314,0
0.0776,0
-0.3886,0
-0.3689,0
-0.4042,0
-0.1173,0
0.1863,0
-0.5218,0
-0.8390,0
-0.1532,0
-0.1613,0
-0.5883,0
-0.6497,0
-0.9532,0
-0.8625,0
-0.3145,0
-0.4783,0
-0.5108,0
-0.2948,0
-1.0890,0
-1.3434,0
-0.4110,0
-0.5141,0
-1.1894,0
-1.0730,0
-1.0387,0
-0.9840,0
-0.5851,0
-0.6237,0
-0.7515,0
-0.7677,0
-1.0128,0
-0.7114,0
-0.2999,0
-0.7884,0
-0.8548,0
-0.1208,0
-0.0991,0
-0.4508,0
-0.4971,0
-0.9129,0
-1.1537,0
-0.6143,0
-0.2541,0
-0.2662,0
-0.4791,0
-1.0956,0
-1.2523,0
-0.8695,0
-1.0558,0
-1.2552,0
-0.7257,0
-0.2719,0
-0.6995,0-1.8668,0
-0.8210,0
-0.6467,0
-1.9392,0
-0.8447,0
-0.6559,0
-3.1967,0
-2.7139,0
-0.1489,0
0.2547,0
0.6084,0
1.0105,0
0.3459,0
0.5691,0
0.3380,0
-0.6157,0
0.4914,0
1.0628,0
-0.3022,0
0.3573,0
1.9875,0
1.5657,0
0.4888,0
--0.6455,0
-0.3919,0
-1.7831,0
-0.8361,0
-0.2474,0
-1.4928,0
-0.6837,0
-0.0986,0
-1.2762,0
-0.4887,0
0.0523,0
-1.1,0
-0.-0.1277,0
0.0499,0
0.1055,0
-0.3772,0
-0.1906,0
0.0221,0
-0.2567,0
0.1662,0
0.6469,0
0.5465,0
0.7259,0
0.4680,0
-0.1399,0
0.1780,0
-0.1206,0
-1.1627,0
-0.6282,0
-0.0481,0
-0.6715,0
-0.2732,0
0.4518,0
0.1476,0
0.1194,0
-0.2619,0
-1.2713,0
-0.9569,0
-0.3549,0
-0.6920,0
-0.4193,0
-0.1334,0
-0.7056,0
-0.3680,0
0.5817,0
0.6225,0
0.5383,0
0.5609,0
0.1562,0
-0.105,0
-8
090.1636,0
0.5779,0
0.0610,0
-0.3871,0
-0.5672,0
-0.5155,0
0.0527,0
0.4239,0
0.2229,0
0.0597,0
0.0071,0
-0.1660,0
-0.4394,0
-0.7872,0
-0.6820,0
0.0261,0
0.2098,0
-0.3528,0
-0.5427,0
-0.3587,0
-0.5469,0
-0.6231,0
0.0391,0
0.5170,0
0.0542,0
-0.3209,0
0.2266,0
0.8190,0
0.5761,0
0.2727,0
0.7001,0
0.9249,0
0.5150,0
0.3980,0
0.5083,0
0.4659,0
0.4686,0
0.1719,0
-0.2511,0
-0.1142,0
0.1480,0
0.1832,0
0.3500,0
0-1.1293,0
-1.3972,0
-2.0681,0
-3.1554,0
-3.1982,0
-2.6468,0
-2.8620,0
-2.6113,0
-1.7370,0
-1.6863,0
-1.3283,0
-0.5566,0
-0.8821,0
-0.4687,0
0.8422,0
0.3027,0
-0.1901,0
1.0022,0
1.3337,0
1.3080,0
2.0225,0
1.8243,0
1.3835,0
1.2484,0
0.2808,0
0.2613,0
1.5317,0
1.4324,0
1.0473,0
1.6206,0
1.3506,0
0.9668,0
1.4288,0
1.3578,0
1.2838,0
1.8049,0
1.6868,0
1.2820,0
1.5052,0
1.8916,0
2.2633,0
21.5659,0
-0.0011,0
-0.6094,0
-0.8339,0
-2.5584,0
-3.0444,0
-1.7058,0
-2.1701,0
-2.9150,0
-1.9009,0
-1.4337,0
-1.0369,0
-0.2193,0
-0.6027,0
-0.0267,0
1.2845,0
0.1217,0
-0.2644,0
1.2516,0
0.5195,0
-0.0219,0
1.3008,0
0.6969,0
0.2416,0
1.4879,0
0.9858,0
0.6358,0
1.4646,0
0.3358,0
-0.0115,0
1.4305,0
0.6481,0
0.1961,0
1.8460,0
1.5331,0
0.8366,0
1.8057,0
1.5197,0
1.2524,0
2.3770,0
2.1153,0
1.4566,0
1.7955,0
1.2109,0
0.6477,0
0.9546,0
0.4920,0
0.4265,0
1.4784,0
1.9512,0
2.2547,0
2.7327,0
2.2863,0
1.4289,0
1.1262,0
1.0199,0
0.3584,0
-1.6831,0
-4.8195,0
-6.0083,0
-3.2849,0
0.4455,0
1.7326,0
0.9440,0
0.1959,0
0.0.9173,0-1.9744,0
-2.1810,0
-1.4254,0
-0.6492,0
-0.3983,0
0.1265,0
2.1553,0
5.6026,0
7.8759,0
7.3549,0
6.0899,0
5.7592,0
5.6325-0.5749,0
-0.0144,0
0.6107,0
-0.4028,0
0.0700,0
0.6188,0
-0.2883,0
0.0058,0
0.2281,0
-0.6438,0
-0.0385,0
0.4486,0
-0.4435,0
-0.0904,0
0.3885,0
-0.-0.1136,0
0.1932,0
-0.4272,0
-0.1958,0
0.0125,0
-0.5879,0
-0.3099,0
-0.0851,0
-0.6656,0
-0.4737,0
-0.4154,0
-0.9933,0
-0.4419,0
0.1610,0
-0.3633,0
-0.4305,0
-0.1662,0
-0.4212,0
-0.8190,0
-1.9097,0
-2.4866,0
-1.1704,0
-1.1647,0
-2.4199,0
-1.3845,0
-0.8255,0
-1.9731,0
-1.1235,0
-0.4509,0
-1.4854,0
-0.8220,0
-0.3953,0
-1.4204,0
-0.5215,0
0.0612,0
-1.0417,0
-0.3481,0
0.0378,0
-1.0714,0
-0.1415,0
0.4015,0
-0.8014,0
0.0323,0
0.6035,0
-0.5772,0
0.2217,0
0.7664,0
-0.4151,0
0.3778,0
0.9055,0
-0.2890,0
00.3344,0
-0.1317,0
-0.1932,0
0.3726,0
0.6703,0
0.6729,0
0.7962,0
1.0193,0
1.1536,0
1.2258,0
1.3214,0
1.4226,0
1.4920,0
1.5426,0
1.5909,0
1.6312,0
1.6569,0
1.6722,0
1.6809,0
1.6815,0
1.6733,0
1.6580,0
1.6364,0
1.6084,0
1.5747,0
1.5356,0
1.4920,0
1.4440,0
1.3920,0
1.3362,0
1.2776,0
1.2160,0
1.1521,0
1.0861,0
1.0183,0
0.9491,0
0.8787,0
0.8074,0
0.7355,0
0.6632,0
1.3745,0
4.2609,1
7.7288,1
7.9529,1
5.5534,1
4.2413,1
4.2522,1
3-2.9838,0
-2.8722,0
-2.7561,1
-636-2.5129,1
-2.3866,1
-2.2579,0
-2.1272,0
-1.9950,0
-1.8616,0
-1.7275,0
-1.6042,0
-1.5018,0
-1.5384,0
-2.4299,0
-4.1057,0
-3.7799,0
-0.7837,0
0.5036,0
-0.9236,0
-1.5131,0
-1.7458,0
-3.7119,0
-4.6920,0
-1.6178,0
2.8335,0
4.0124,0
2.5140,0
1.7631,0
1.5325,0
0.4480,0
-0.0114,0
0.4603,0
0.3181,0
0.7029,0
1.9682,0
1.9310,0
1.3757,0
1.3331,0
0.8053,0
1.0961,0
2.1301,0
1.6370,0
1.3310,0
2.0421,0
1.4973,0
1.3110,0
2.3736,0
2.0931,0
1.7696,0
2.3338,0
1.5659,0
1.2448,0
2.0771,0
1.3715,0
1.2518,0
2.6086,0
2.1593,0
1.8295,0
2.9103,0
2.2618,0
1.6635,0
2.5140,0
1.9586,0
1.7224,0
2.7013,0
1.8285,0
1.3743,0
2.6608,0
2.2457,0
1.8162,0
2.7786,0
2.2396,0
1.9305,0
2.9825,0
2.4158,0
1.8019,0
2.3635,0
1.6051,0
1.1674,0
1.7937,0
0.9190,0
0.7031,0
1.8870,0
1.2197,0
0.6212,0
1.3480,0
0.6144,0
0.2648,0
1.2106,0
0.4644,0
0.0291,0
1.1718,0
0.7869,0
0.2923,0
0.9804,0
0.3285,0
-0.2054,0
0.3010,0
-0.6211,0
-1.0812,0
-0.2207,0
-0.9818,0
-1.3929,0
-0.4182,0
-1.1654,0
-1.5901,0
-0.5691,0
-1.3245,0
-1.7087,0
-0.5642,0
-1.3391,0
-1.8787,0
-0.8713,0
-1.6780,0
-1.9919,0
-0.6548,0
-1.4085,0
-1.8616,0
-0.5511,0
-1.2491,0
-1.7056,0
-0.4308,0
-1.1340,0
-1.5825,0
-0.3145,0
-1.0287,0
-1.4806,0
-0.2143,0
-0.9331,0
-1.3898,0
-0.1263,0
-0.8480,0
-1.3079,0
-0.0474,0
-0.7714,0
-1.2336,0
0.0246,0
-0.7015,0
-1.1655,0
0.0911,0
-0.6368,0
-1.1023,0
0.1529,0
-0.5762,0
-1.0431,0
0.2110,0
-0.5192,0
-0.9870,0
0.2661,0
-0.4650,0
-0.9337,0
0.3185,0
-0.4134,0
-0.8829,0
0.3686,0
-0.3641,0
-0.8343,0
0.4164,0
-0.3170,0
-0.7879,0
0.4622,0
-0.2718,0
-0.6806,0
0.8659,0
0.5178,0
-0.0529,0
0.7489,0
-0.0551,0
-0.4263,0
0.7215,0
0.0078,0
-0.4336,0
0.6809,0
-0.16300.1934,0
0.0816,
-0.3929,0
-0.3418,0
-0.6981,0
-0.6056,0
-0.0960,0
-,-0.9064,0
-0.0856,0
-0.1133,0
-0.3970,0
0.0242,0
-0.0151,0
-0.1876,0
-00.4856,0
0.5909,0
0.3289,0
0.1345,0
0.0044,0
0.1658,0
0.5816,0
0.5988,0
0.0970,0
-0.1556,0
0.1765,0
0.3165,0
-0.0030,0
0.0144,0
0.3658,0
0.4487,0
0.3271,0
0.0616,0
-0.0998,0
0.1557,0
0.1239,0
-0.1704,0
0.0932,0
0.1872,0
-0.1376,0
0.0987,0
0.2772,0
-0.0182,0
0.1163,0
0.1723,0
-0.1180,0
0.1016,0
0.1011,0
-0.2735,0
0.1021,0
0.2758,0
-0.1557,0
0.0846,0
0.1501,0
-0.2889,0
0.1420,0
0.3771,0
-0.1212,0
0.2263,0
0.5463,0
0.1066,0
0.2649,0
0.3195,0
-0.1167,0
0.3472,0
0.6678,0
0.1254,0
0.2315,0
0.4850,0
0.1967,0
0.2565,0
0.1705,0
-0.1768,0
0.1635,0
0.4004,0
0.1557,0
0.3742,0
0.5258,0
0.2444,0
0.4580,0
0.7661,0
0.6380,0
0.9271,0
1.4323,0
1.60.8220,0
0.7688,0
0.8124,0
0.4739,0
-0.5607,0
-2.0419,0
-2.9911,0
-2.9135,0
-2.5728,0
-2.4775,0
-2.0901,0
-1.8058,0
-2.0352,0
-1.3394,0
-0.4136,0
-0.9742,0
-0.7613,0
0.2682,0
-0.5634,0
-0.6889,0
0.7115,0
0.2344,0
-0.0383,0
1.1693,0
0.5428,0
-0.0868,0
0.7382,0
0.1325,0
-0.0054,0
1.2626,0
0.6677,0
0.4471,0
1.7375,0
0.7657,0
-0.1931,0
1.2524,0
1.6816,0
1.6148,0
2.2960,0
1.4884,0
1.0135,01.9703,0
1.3912,0
0.7308,0
1.4262,0
1.0641,0
0.9406,0
1.8152,0
1.0920,0
0.5415,0
1.4177,0
0.8869,0
0.0691,0
0.7135,0
0.7099,0
0.2929,0
0.7475,0
0.8487,0
0.6931,0
0.8846,0
0.6393,0
0.9653,0
2.8240,0
3.9724,0
3.0855,0
1.9909,0
1.6397,0
0.7676,0
-1.1300,0
-2.94290.7167,0
-0.0507,0
-0.1299,0
-0.0448,0
-0-1.8768,0
-3.1147,0
-3.6241,0
-4.1435,0
-4.5604,0
-3.9924,0
-3.3734,0
-3.2333,0
-2.6226,0
-1.9785,0
-1.7798,0
-1.1954,0
-0.6303,0
-0.4865,0
0.0896,0
0.5382,0
0.4460,0
0.8369,0
1.1144,0
0.7150,0
0.7303,0
0.9009,0
0.7906,0
1.0299,0
1.0635,0
0.9499,0
1.4356,0
1.1807,0
0.3838-0.2406,0
0.1025,0
0.2117,0
-0.3754,0
0.1655,0
0.6474,0
0.0847,0
-0.0341,0
-0.4856,0
-1.0829,0
0.1013,0
0.8736,0
0.0210,0
0.0949,0
0.4129,0
-0.0715,0
0.2357,0
0.3534,0
-0.2487,0
0.2415,0
0.5151,0
-0.1507,0
0.2122,0
0.4193,0
-0.2286,0
0.2578,0
0.6087,0
-0.0495,0
0.1993,0
0.2431,0
-0.4220,0
0.2339,0
0.6291,0
-0.1323,0
0.2103,0
0.4679,0
-0.2067,0
0.2240,0
0.4235,0
-0.3128,0
0.2512,0
0.6555,0
-0.0896,0
0.3835,0
1.0060,0
0.4180,0
0.3055,0
0.0922,0
-0.4611,0
0.2218,0
0.3651,0
-0.4913,0
0.0786,0
0.4268,0
-0.3832,0
0.0504,0
0.2948,0
-0.4937,0
.-0.4940,0
-0.5945,0
-0.7084,0
-0.7497,0
-0.8192,0
-0.4985,0
-0.2741,0
-0.7187,0
-0.6142,0
-0.1515,0
-0.6959,0
-0.8379,0
-0.1994,0
-0.5498,0
-0.7516,0
-0.1515,0
-0.4491,0
-0.5703,0
0.1091,0
-0.1847,0
-0.3397,0
0.3260,0
-0.0429,0
-0.3279,0
0.3089,0
0.0261,0
-0.24-1.1554,0
-0.9189,0
-0.0674,0
-0.2066,0
-4,0.8677,0
0.4062,0
-0.0552,0
0.2594,0
-0.4752,0
-0.6814,0
0.4638,0
0.5840,0
0.5330,0
1.2926,0
1.4879,00.7968,0
0.0757,0
-0.3368,0
0.0743,0
-0.4991,0
-0.6593,0
0.1726,0
-0.1527,0
-0.4369,0
0.0886,0
-0.4441,-0.8590,-1.1922,0
-1.0354,0
