Command: /home/vedant/.espressif/python_env/idf5.5_py3.10_env/bin/python /home/vedant/esp/esp-idf/tools/idf_monitor.py -p /dev/ttyUSB0 -b 115200 --toolchain-prefix xtensa-esp32-elf- --target esp32 --revision 0 /home/vedant/Bidex_Hand_Project/eog_bioamp/build/eog_bioamp.elf /home/vedant/Bidex_Hand_Project/eog_bioamp/build/bootloader/bootloader.elf -m '/home/vedant/.espressif/python_env/idf5.5_py3.10_env/bin/python' '/home/vedant/esp/esp-idf/tools/idf.py'
ets Jul 29 2019 12:21:46

rst:0x1 (POWERON_RESET),boot:0x13 (SPI_FAST_FLASH_BOOT)
configsip: 0, SPIWP:0xee
clk_drv:0x00,q_drv:0x00,d_drv:0x00,cs0_drv:0x00,hd_drv:0x00,wp_drv:0x00
mode:DIO, clock div:2
load:0x3fff0030,len:6380
ho 0 tail 12 room 4
load:0x40078000,len:15916
load:0x40080400,len:3860
entry 0x40080638
[0;32mI (29) boot: ESP-IDF v5.5 2nd stage bootloader[0m
[0;32mI (29) boot: compile time Jan 13 2026 13:56:03[0m
[0;32mI (29) boot: Multicore bootloader[0m
[0;32mI (30) boot: chip revision: v3.1[0m
[0;32mI (33) boot.esp32: SPI Speed      : 40MHz[0m
[0;32mI (37) boot.esp32: SPI Mode       : DIO[0m
[0;32mI (40) boot.esp32: SPI Flash Size : 2MB[0m
[0;32mI (44) boot: Enabling RNG early entropy source...[0m
[0;32mI (49) boot: Partition Table:[0m
[0;32mI (51) boot: ## Label            Usage          Type ST Offset   Length[0m
[0;32mI (57) boot:  0 nvs              WiFi data        01 02 00009000 00006000[0m
[0;32mI (64) boot:  1 phy_init         RF data          01 01 0000f000 00001000[0m
[0;32mI (71) boot:  2 factory          factory app      00 00 00010000 00100000[0m
[0;32mI (77) boot: End of partition table[0m
[0;32mI (80) esp_image: segment 0: paddr=00010020 vaddr=3f400020 size=0a3a8h ( 41896) map[0m
[0;32mI (102) esp_image: segment 1: paddr=0001a3d0 vaddr=3ff80000 size=00020h (    32) load[0m
[0;32mI (102) esp_image: segment 2: paddr=0001a3f8 vaddr=3ffb0000 size=023e8h (  9192) load[0m
[0;32mI (109) esp_image: segment 3: paddr=0001c7e8 vaddr=40080000 size=03830h ( 14384) load[0m
[0;32mI (119) esp_image: segment 4: paddr=00020020 vaddr=400d0020 size=1665ch ( 91740) map[0m
[0;32mI (152) esp_image: segment 5: paddr=00036684 vaddr=40083830 size=097dch ( 38876) load[0m
[0;32mI (174) boot: Loaded app from partition at offset 0x10000[0m
[0;32mI (174) boot: Disabling RNG early entropy source...[0m
[0;32mI (185) cpu_start: Multicore app[0m
[0;32mI (193) cpu_start: Pro cpu start user code[0m
[0;32mI (193) cpu_start: cpu freq: 160000000 Hz[0m
[0;32mI (193) app_init: Application information:[0m
[0;32mI (193) app_init: Project name:     eog_bioamp[0m
[0;32mI (197) app_init: App version:      1[0m
[0;32mI (201) app_init: Compile time:     Jan 13 2026 13:55:47[0m
[0;32mI (206) app_init: ELF file SHA256:  210d39fe4...[0m
[0;32mI (210) app_init: ESP-IDF:          v5.5[0m
[0;32mI (214) efuse_init: Min chip rev:     v0.0[0m
[0;32mI (218) efuse_init: Max chip rev:     v3.99 [0m
[0;32mI (222) efuse_init: Chip rev:         v3.1[0m
[0;32mI (226) heap_init: Initializing. RAM available for dynamic allocation:[0m
[0;32mI (232) heap_init: At 3FFAE6E0 len 00001920 (6 KiB): DRAM[0m
[0;32mI (237) heap_init: At 3FFB2D78 len 0002D288 (180 KiB): DRAM[0m
[0;32mI (242) heap_init: At 3FFE0440 len 00003AE0 (14 KiB): D/IRAM[0m
[0;32mI (248) heap_init: At 3FFE4350 len 0001BCB0 (111 KiB): D/IRAM[0m
[0;32mI (253) heap_init: At 4008D00C len 00012FF4 (75 KiB): IRAM[0m
[0;33mW (260) spi_flash: boya detected but related driver is not linked, please check option `SPI_FLASH_SUPPORT_BOYA_CHIP`[0m
[0;32mI (269) spi_flash: detected chip: generic[0m
[0;32mI (272) spi_flash: flash io: dio[0m
[0;33mW (275) spi_flash: Detected size(4096k) larger than the size in the binary image header(2048k). Using the size in the binary image header.[0m
[0;32mI (288) main_task: Started on CPU0[0m
[0;32mI (298) main_task: Calling app_main()[0m
EOG Signal Monitor Started
signal,peak
0.7836,1
3.7422,1
7.2821,1
7.5776,1
5.1370,1
3.5844,1
3.4707,1
2.8919,1
1.3045,1
0.3662,1
0.7462,1
0.5707,0
-0.3824,0
-0.4160,0
-0.1647,0
-0.5363,0
-0.7021,0
-0.9020,0
-1.2574,0
-1.1241,0
-1.3854,0
-1.9080,0
-1.4947,0
-1.4128,0
-2.0966,0
-1.9524,0
-1.7481,0
-2.2865,0
-2.3155,0
-2.2671,0
-2.6290,0
-2.2589,0
-1.9232,0
-2.3870,0
-2.4246,0
-2.2840,0
-2.3930,0
-2.0189,0
-1.9226,0
-2.2183,0
-1.8155,0
-1.6611,0
-2.0938,0
-1.8903,0
-1.7925,0
-2.1769,0
-1.8251,1
-1.4179,1
-1.6386,1
-1.6051,1
-1.5285,1
-1.3364,1
-0.5148,1
-0.5284,1
-1.5584,0
-1.6253,0
-0.9876,1
-0.6312,1
-0.1899,1
-0.3150,1
-0.8051,1
-0.0717,1
0.6200,1
-0.2187,0
-0.9418,0
-0.6190,0
0.3125,1
1.4739,1
1.6061,1
0.9331,1
1.0001,1
0.9886,1
0.4420,0
0.7354,0
1.1250,1
0.7401,1
0.9063,1
1.3136,0
0.6809,0
-0.0887,0
-0.0459,0
0.5053,0
0.9293,0
0.5865,0
0.3679,0
1.1898,0
1.3118,0
0.3932,0
0.5598,0
1.4108,0
1.7516,1
2.2419,1
2.6411,1
1.9127,1
-0.0342,0
-1.5573,0
-0.1245,0
2.8391,1
3.1431,1
1.5934,0
1.4483,0
1.6992,0
1.2485,0
1.3041,0
1.1411,0
0.5963,0
1.0919,0
1.2385,0
0.5419,0
0.8583,0
0.9870,0
0.3222,0
0.6973,0
0.7932,0
0.0646,0
0.6152,0
0.9758,0
0.2278,0
0.4896,0
0.5969,0
-0.1122,0
0.3569,0
0.4202,0
-0.4371,0
0.2325,0
0.5429,0
-0.3915,0
0.1171,0
0.3280,0
-0.6107,0
0.1423,0
0.6463,0
-0.3298,0
0.1760,0
0.6367,0
-0.2292,0
0.2625,0
0.7184,0
-0.0993,0
0.2101,0
0.3607,0
-0.4563,0
0.1780,0
0.5834,0
-0.3045,0
0.0690,0
0.3214,0
-0.4998,0
0.0127,0
0.3039,0
-0.5630,0
-0.0511,0
0.3071,0
-0.5398,0
-0.0652,0
0.3437,0
-0.4465,0
-0.1342,0
0.0378,0
-0.7355,0
-0.2319,0
-0.0449,0
-0.9174,0
-0.2701,0
0.2164,0
-0.6385,0
-0.2967,0
-0.0005,0
-0.3032,0
-0.0584,0
-0.8613,0
-0.3763,0
-0.1539,0
-0.9997,0
-0.4129,0
-0.0709,0
-0.9440,0
-0.3781,0
0.0856,0
-0.7318,0
-0.2451,0
0.3238,0
-0.3690,0
-0.2408,0
-0.1705,0
-0.8143,0
-0.2570,0
-0.0208,0
-0.8159,0
-0.4024,0
-0.2945,0
-1.1147,0
-0.3749,0
0.1195,0
-0.7460,0
-0.3170,0
0.1136,0
-0.6128,0
-0.2287,0
0.0444,0
-0.6768,0
-0.2497,0
-0.1175,0
-0.9202,0
-0.1995,0
0.3145,0
-0.5202,0
-0.1823,0
0.0960,0
-0.6306,0
-0.0847,0
0.2874,0
-0.4848,0
-0.0713,0
0.2000,0
-0.5470,0
-0.0246,0
0.3220,0
-0.4475,0
0.0198,0
0.3929,0
-0.3350,0
0.0510,0
0.3156,0
-0.3956,0
0.0624,0
0.3244,0
-0.4217,0
0.0809,0
0.4398,0
-0.2988,0
0.0551,0
0.2271,0
-0.5074,0
0.0919,0
0.4814,0
-0.3032,0
0.1015,0
0.4207,0
-0.2958,0
0.1437,0
0.4374,0
-0.2891,0
0.1253,0
0.3331,0
-0.4188,0
0.0793,0
0.2769,0
-0.5455,0
0.1155,0
0.6064,0
-0.2127,0
0.2053,0
0.6766,0
-0.0048,0
0.2703,0
0.4965,0
-0.1536,0
0.0669,0
-0.3611,0
-1.5649,0
-0.7634,0
-0.0123,0
-0.5299,0
0.3635,0
0.8896,0
-0.0860,0
0.3583,0
0.8279,0
0.0302,0
0.3983,0
0.6274,0
-0.1760,0
0.3986,0
0.7571,0
-0.1020,0
0.4667,0
1.1032,0
0.3681,0
0.6409,0
1.3113,0
0.8426,0
0.4786,0
0.0173,0
-0.4570,0
0.2435,0
0.2299,0
-0.6687,0
-0.0273,0
0.3288,0
-0.5260,0
-0.1267,0
0.0644,0
-0.7459,0
-0.0948,0
0.3078,0
-0.5583,0
-0.0781,0
0.2853,0
-0.5190,0
-0.0124,0
0.3609,0
-0.4359,0
0.0354,0
0.4046,0
-0.3633,0
0.0600,0
0.3662,0
-0.3845,0
0.0704,0
0.3845,0
-0.3685,0
0.0589,0
0.3490,0
-0.3935,0
0.0393,0
0.3098,0
-0.4386,0
0.0236,0
0.3265,0
-0.4244,0
-0.0182,0
0.1975,0
-0.5609,0
-0.0393,0
0.2537,0
-0.5447,0
-0.0960,0
0.1075,0
-0.7090,0
-0.0287,0
0.5080,0
-0.3081,0
-0.0166,0
0.2362,0
-0.4740,0
0.0508,0
0.3975,0
-0.3698,0
0.0342,0
0.3111,0
-0.4255,0
0.0324,0
0.3094,0
-0.4487,0
0.0230,0
0.3311,0
-0.4270,0
0.1924,0
0.9682,1
0.3475,0
0.3423,0
0.7679,1
0.4464,0
0.1704,0
-0.4061,0
-0.8885,0
-0.0430,0
0.1062,0
-0.7657,0
-0.2677,0
0.0379,0
-0.7129,0
-0.2616,0
-0.0055,0
-0.7492,0
-0.1702,0
0.2742,0
-0.4650,0
-0.0923,0
0.2469,0
-0.4125,0
0.0117,0
0.3671,0
-0.2811,0
0.0054,0
0.1410,0
-0.5110,0
-0.0112,0
0.2145,0
-0.5266,0
-0.0207,0
0.3221,0
-0.4046,0
0.0570,0
0.4960,0
-0.1583,0
0.0860,0
0.2630,0
-0.3497,0
0.0817,0
0.2695,0
-0.4596,0
-0.0573,0
0.2152,0
-0.3781,0
0.1627,0
0.4868,0
-0.2278,0
0.1013,0
0.3190,0
-0.3691,0
0.0800,0
0.5730,0
0.0767,0
0.2658,0
0.3196,0
-0.2540,0
0.1575,0
0.2819,0
-0.3922,0
0.0490,0
0.2545,0
-0.4437,0
0.0196,0
0.3100,0
-0.3975,0
0.0462,0
0.4013,0
-0.6815,0
-1.4698,0
-2.1482,0
-2.5239,0
-1.0414,0
0.2160,0
0.0844,0
0.7633,1
1.3583,1
0.8180,1
0.9842,1
1.1075,0
0.4271,0
0.6976,0
1.0677,0
0.6399,0
0.8323,0
0.8708,0
0.2955,0
0.5814,0
0.6614,0
0.0406,0
0.3637,0
0.4923,0
-0.1613,0
0.1646,0
0.3736,0
-0.1992,0
0.2055,0
0.5092,0
-0.1125,0
0.0047,0
0.0683,0
-0.4749,0
-0.0897,0
0.1624,0
-0.3356,0
0.0475,0
0.2739,0
-0.3125,0
-0.0256,0
0.1930,0
-0.3487,0
-0.0416,0
0.2105,0
-0.3531,0
-0.2650,0
-0.2039,0
-0.6662,0
-0.3409,0
-0.0522,0
-0.2810,0
0.0620,0
-0.0637,0
-0.6882,0
-0.1120,0
0.2671,0
-0.3399,0
-0.1252,0
0.1139,0
-0.3604,0
-0.0434,0
0.2125,0
-0.3509,0
-0.1957,0
0.0773,0
-0.3693,0
-0.2974,0
-0.1686,0
-0.5625,0
-0.3786,0
-0.2513,0
-0.5351,0
-0.0485,0
0.1663,0
-0.3285,0
0.0185,0
0.2231,0
-0.3232,0
-0.0226,0
0.2271,0
-0.3998,0
-0.3866,0
-0.1748,0
-0.4972,0
-0.2833,0
0.0733,0
0.0403,0
0.2139,0
-0.0613,0
-0.5304,0
0.0287,0
0.2663,0
-0.4239,0
-0.3851,0
-0.0551,0
-0.2497,0
-0.1121,0
0.0118,0
-0.2326,0
-0.0272,0
0.1980,0
-0.0049,0
-0.0419,0
-0.0946,0
0.0635,0
0.8519,1
0.8134,1
0.0034,0
0.5273,1
1.5552,1
1.3514,1
0.9864,1
1.2129,1
1.1150,1
0.3059,1
-0.6518,0
-0.8775,0
-0.4317,0
-0.4480,0
-0.7277,0
-0.3759,0
-0.1698,0
-0.4133,0
-0.2305,0
-0.0672,0
-0.2523,0
-0.0207,0
0.2918,0
0.2006,0
0.0533,0
-0.2288,0
-0.4214,0
-0.0848,0
0.1406,0
-0.0906,0
-0.1551,0
-0.0026,0
0.1028,0
0.2058,0
-0.0056,0
-0.3986,0
-0.2604,0
0.0417,0
-0.0380,0
0.0010,0
0.2407,0
0.3095,0
0.3437,0
0.3145,0
0.1072,0
-0.0420,0
-0.0393,0
0.1446,0
0.3840,1
0.3150,0
0.2123,0
0.4381,0
0.4406,0
0.0602,0
-0.1199,0
-0.1187,0
-0.0542,0
0.2724,0
0.4537,0
0.1424,0
-0.1377,0
-0.0420,0
0.1019,0
0.0485,0
-0.1031,0
-0.1333,0
0.0287,0
0.1505,0
0.1379,0
0.1467,0
0.0558,0
-0.2040,0
-0.2318,0
0.1027,0
0.3662,0
0.3268,0
0.2150,0
0.2142,0
0.1865,0
-0.0373,0
-0.2524,0
-0.1189,0
0.2165,0
0.2680,0
-0.0255,0
-0.2204,0
-0.1577,0
-0.1130,0
-0.1225,0
-0.0738,0
-0.0177,0
0.0501,0
-0.1020,0
-0.8843,0
-1.7854,0
-1.7726,0
-0.9453,0
-0.2231,0
-0.0112,0
0.0209,0
0.2666,0
0.4350,1
0.2161,0
0.1012,0
0.3348,0
0.5024,0
0.5116,0
0.4639,0
0.2826,0
0.1338,0
0.1426,0
0.1267,0
0.1506,0
0.1859,0
0.0004,0
0.0098,0
0.3563,0
0.3953,0
0.2333,0
0.2685,0
0.1991,0
-0.0097,0
-0.1658,0
-0.2508,0
-0.0195,0
0.2395,0
0.0333,0
-0.0475,0
0.0576,0
-0.2415,0
-0.2024,0
0.2348,0
-0.0669,0
-0.4806,0
-0.2526,0
-0.1229,0
-0.0227,0
0.2084,0
0.0557,0
0.0085,0
0.1123,0
-0.1551,0
0.0383,0
0.3019,0
-0.5515,0
-0.9647,0
-0.3696,0
-0.3532,0
-0.1795,0
0.4378,1
0.0275,0
-0.2662,0
0.1741,0
-0.1840,0
-0.3785,0
0.0848,0
-0.3147,0
-0.3923,0
0.3598,0
0.0458,0
-0.3188,0
0.1241,0
-0.1781,0
-0.3337,0
0.1349,0
-0.3644,0
-0.5690,0
0.0093,0
-0.5605,0
-0.7852,0
0.2029,0
0.0811,0
-0.2364,0
0.2854,0
-0.0516,0
-0.2302,0
0.3446,0
-0.1259,0
-0.3345,0
0.3082,0
-0.2052,0
-0.4177,0
0.4004,0
-0.0331,0
-0.3846,0
0.3437,0
0.0407,0
-0.1256,0
0.5777,0
0.0452,0
-0.3013,0
0.4000,0
-0.0181,0
-0.2151,0
0.5406,0
0.0339,0
-0.2044,0
0.6319,0
0.1121,0
-0.2753,0
0.4718,0
-0.0276,0
-0.3577,0
0.3924,0
-0.1382,0
-0.3642,0
0.5468,0
0.0219,0
-0.2861,0
0832,0
0.0724,0
-0.1803,0
0.6985,0
0.1054,0
-0.2286,0
0.6122,0
-0.0127,0
-0.3065,0
0.6516,0
0.1036,0
-0.1639,0
0.8401,0
0.3233,0
0.0136,0
0.9090,0
0.1723,0
-0.3711,0
0.5624,0
0.1089,0
-0.2400,0
0.5737,0
-0.1441,0
-0.4914,0
0.5538,0
-0.0966,0
-0.4998,0
0.6627,0
0.2100,0
-0.2170,0
0.7568,0
0.2660,0
-0.1006,0
0.7422,0
0.0342,0
-0.3692,0
0.4958,0
-0.2870,0
-0.5594,0
0.7178,0
0.0537,0
-0.5667,0
0.4792,0
-0.0089,0
-0.3938,0
0.7040,0
0.2247,0
-0.1995,0
0.6823,0
0.0247,0
-0.3697,0
0.5143,0
-0.2420,0
-0.5559,0
0.6004,0
-0.0173,0
-0.3068,0
1.1916,1
1.0078,0
0.2601,0
0.4720,0
-0.4273,0
-0.6980,0
0.2071,0
-0.5961,0
-0.9053,0
0.2096,0
-0.4626,0
-0.7903,0
00.9956,1
0.8308,0
0.6924,0
1.8638,1
1.3429,1
0.2979,0
0.2529,0
-0.6279,0
-0.7700,0
0.0930,0
-0.8451,0
-1.1172,0
0.2357,0
-0.3312,0
-0.8262,0
0.1211,0
-0.6026,0
-0.9886,0
0.0712,0
-0.6300,0
-0.8690,0
0.4851,0
-0.1099,0
-0.4143,0
-0.1999,0
-0.4673,0
0.7841,1
0.1547,0
-0.4298,0
0,0
-0.1805,0
-0.6063,0
0.4153,0
-0.2647,0
-0.6412,0
0.4717,0
-0.1342,0
-0.3937,0
0.7418,0
-0.1659,0
-0.8338,0
0.2264,0
-0.3765,0
-0.6110,0
0.7426,0
0.1343,0
-0.3102,0
0.8902,1
0.2220,0
-0.3635,0
0.7334,0
0.2008,0
-0.1945,0
0.9811,0
0.5021,0
0.0443,0
0.9239,0
0.1523,0
-0.3767,0
0.5606,0
-0.0936,0
-0.3707,0
0.8592,0
0.3190,0
-0.1179,0
0.8007,0
0.0404,0
-0.4152,0
0.6085,0
-0.0524,0
-0.3293,0
1.1536,0
0.8191,0
0.0499,0
0.6402,0
0.0555,0
-0.3386,0
0.4514,0
