Command: /home/vedant/.espressif/python_env/idf5.5_py3.10_env/bin/python /home/vedant/esp/esp-idf/tools/idf_monitor.py -p /dev/ttyUSB0 -b 115200 --toolchain-prefix xtensa-esp32-elf- --target esp32 --revision 0 /home/vedant/Bidex_Hand_Project/eog_bioamp/build/eog_bioamp.elf /home/vedant/Bidex_Hand_Project/eog_bioamp/build/bootloader/bootloader.elf -m '/home/vedant/.espressif/python_env/idf5.5_py3.10_env/bin/python' '/home/vedant/esp/esp-idf/tools/idf.py'
ets Jul 29 2019 12:21:46

rst:0x1 (POWERON_RESET),boot:0x13 (SPI_FAST_FLASH_BOOT)
configsip: 0, SPIWP:0xee
clk_drv:0x00,q_drv:0x00,d_drv:0x00,cs0_drv:0x00,hd_drv:0x00,wp_drv:0x00
mode:DIO, clock div:2
load:0x3fff0030,len:6380
ho 0 tail 12 room 4
load:0x40078000,len:15916
load:0x40080400,len:3860
entry 0x40080638
[0;32mI (29) boot: ESP-IDF v5.5 2nd stage bootloader[0m
[0;32mI (29) boot: compile time Jan 13 2026 13:56:03[0m
[0;32mI (29) boot: Multicore bootloader[0m
[0;32mI (30) boot: chip revision: v3.1[0m
[0;32mI (33) boot.esp32: SPI Speed      : 40MHz[0m
[0;32mI (37) boot.esp32: SPI Mode       : DIO[0m
[0;32mI (40) boot.esp32: SPI Flash Size : 2MB[0m
[0;32mI (44) boot: Enabling RNG early entropy source...[0m
[0;32mI (49) boot: Partition Table:[0m
[0;32mI (51) boot: ## Label            Usage          Type ST Offset   Length[0m
[0;32mI (57) boot:  0 nvs              WiFi data        01 02 00009000 00006000[0m
[0;32mI (64) boot:  1 phy_init         RF data          01 01 0000f000 00001000[0m
[0;32mI (71) boot:  2 factory          factory app      00 00 00010000 00100000[0m
[0;32mI (77) boot: End of partition table[0m
[0;32mI (80) esp_image: segment 0: paddr=00010020 vaddr=3f400020 size=0a3a8h ( 41896) map[0m
[0;32mI (102) esp_image: segment 1: paddr=0001a3d0 vaddr=3ff80000 size=00020h (    32) load[0m
[0;32mI (102) esp_image: segment 2: paddr=0001a3f8 vaddr=3ffb0000 size=023e8h (  9192) load[0m
[0;32mI (110) esp_image: segment 3: paddr=0001c7e8 vaddr=40080000 size=03830h ( 14384) load[0m
[0;32mI (119) esp_image: segment 4: paddr=00020020 vaddr=400d0020 size=1668ch ( 91788) map[0m
[0;32mI (152) esp_image: segment 5: paddr=000366b4 vaddr=40083830 size=097dch ( 38876) load[0m
[0;32mI (174) boot: Loaded app from partition at offset 0x10000[0m
[0;32mI (174) boot: Disabling RNG early entropy source...[0m
[0;32mI (185) cpu_start: Multicore app[0m
[0;32mI (193) cpu_start: Pro cpu start user code[0m
[0;32mI (193) cpu_start: cpu freq: 160000000 Hz[0m
[0;32mI (193) app_init: Application information:[0m
[0;32mI (193) app_init: Project name:     eog_bioamp[0m
[0;32mI (197) app_init: App version:      1[0m
[0;32mI (201) app_init: Compile time:     Jan 13 2026 13:55:47[0m
[0;32mI (206) app_init: ELF file SHA256:  dd118255f...[0m
[0;32mI (210) app_init: ESP-IDF:          v5.5[0m
[0;32mI (214) efuse_init: Min chip rev:     v0.0[0m
[0;32mI (218) efuse_init: Max chip rev:     v3.99 [0m
[0;32mI (222) efuse_init: Chip rev:         v3.1[0m
[0;32mI (226) heap_init: Initializing. RAM available for dynamic allocation:[0m
[0;32mI (232) heap_init: At 3FFAE6E0 len 00001920 (6 KiB): DRAM[0m
[0;32mI (237) heap_init: At 3FFB2D78 len 0002D288 (180 KiB): DRAM[0m
[0;32mI (242) heap_init: At 3FFE0440 len 00003AE0 (14 KiB): D/IRAM[0m
[0;32mI (248) heap_init: At 3FFE4350 len 0001BCB0 (111 KiB): D/IRAM[0m
[0;32mI (253) heap_init: At 4008D00C len 00012FF4 (75 KiB): IRAM[0m
[0;33mW (260) spi_flash: boya detected but related driver is not linked, please check option `SPI_FLASH_SUPPORT_BOYA_CHIP`[0m
[0;32mI (269) spi_flash: detected chip: generic[0m
[0;32mI (272) spi_flash: flash io: dio[0m
[0;33mW (275) spi_flash: Detected size(4096k) larger than the size in the binary image header(2048k). Using the size in the binary image header.[0m
[0;32mI (288) main_task: Started on CPU0[0m
[0;32mI (298) main_task: Calling app_main()[0m
EOG Signal Monitor Started
signal,peak
0.5664,1
2.7194,1
5.3070,1
5.4826,1
3.6759,1
2.6901,1
2.6513,1
2.1955,1
1.5508,1
1.2115,1
0.9392,0
0.7654,0
0.6007,0
0.1866,0
-0.1346,0
-0.2647,0
-0.4422,0
-0.4433,0
-0.4259,0
-0.7169,0
-0.8486,0
-0.8860,0
-1.3676,0
-1.7313,0
-1.6877,0
-1.8315,0
-1.9356,0
-1.8525,0
-2.1339,0
-2.3915,0
-2.2346,0
-2.1319,0
-1.9884,0
-1.8301,0
-2.0421,0
-2.0199,0
-1.7192,0
-1.9432,0
-2.0822,0
-1.6585,0
-1.5621,0
-1.6583,0
-1.3926,0
-1.2700,0
-1.2721,0
-1.1152,0
-1.1328,0
-1.1808,0
-1.1832,0
-1.3694,0
-1.2383,0
-0.8816,0
-0.9581,0
-0.8727,0
-0.5165,0
-0.8568,0
-1.3317,0
-1.0589,0
-0.5021,0
0.1104,0
0.3505,0
-0.1148,0
-0.0149,0
0.6208,0
0.3642,0
0.0774,0
0.5184,0
0.6372,0
0.7125,0
0.9987,0
0.6646,0
0.4666,0
0.7747,0
0.5023,0
0.2014,0
0.4289,0
0.3033,0
0.1482,0
0.4801,0
0.8278,0
1.5311,0
2.5448,0
2.6700,0
1.9813,0
1.4101,0
0.9335,0
0.4421,0
-0.0001,0
-0.4673,0
-0.4746,0
-0.0923,0
-0.0049,0
0.2396,0
0.6563,0
0.4412,0
0.2377,0
0.5281,0
0.6772,0
0.9290,0
1.1596,0
0.6575,0
0.3324,0
0.6230,0
0.4941,0
0.2765,0
0.5265,0
0.5399,0
0.4333,0
0.5533,0
0.4812,0
0.4779,0
0.5702,0
0.2225,0
0.0964,0
0.4472,0
0.5003,0
0.6703,0
0.9706,0
0.4903,0
0.0936,0
0.4036,0
0.3854,0
0.2551,0
0.4513,0
0.3421,0
0.3643,0
0.6734,0
0.4048,0
0.2918,0
0.7054,0
0.4800,0
0.1770,0
0.4047,0
0.2009,0
0.0392,0
0.3886,0
0.2628,0
0.0967,0
0.4026,0
0.2838,0
0.0776,0
0.1066,0
-0.7302,0
-1.8663,0
-1.8148,0
-0.9867,0
-0.2298,0
0.1354,0
0.0859,0
0.2628,0
0.6164,0
0.5050,0
0.3774,0
0.4788,0
0.2874,0
0.0993,0
0.2316,0
0.2514,0
0.1856,0
0.2214,0
0.1614,0
0.2141,0
0.3837,0
0.1746,0
-0.1226,0
-0.1360,0
-0.1298,0
-0.0134,0
0.1023,0
-0.2139,0
-0.5229,0
-0.4656,0
-0.4371,0
-0.4033,0
-0.2447,0
-0.2652,0
-0.3120,0
-0.2367,0
-0.3811,0
-0.6161,0
-0.8050,0
-1.1875,0
-1.2282,0
-0.5790,0
-0.1171,0
-0.1574,0
-0.2001,0
-0.2422,0
-0.3375,0
-0.3487,0
-0.3240,0
-0.2129,0
-0.1069,0
-0.1921,0
-0.1598,0
0.0239,0
-0.0988,0
-0.3382,0
-0.3918,0
-0.4774,0
-0.4118,0
-0.1012,0
-0.1432,0
-0.4825,0
-0.4385,0
-0.1331,0
0.0086,0
0.1787,0
0.2902,0
-0.1263,0
-0.5398,0
-0.1619,0
0.4085,0
0.3487,0
-0.0775,0
-0.3048,0
-0.1197,0
0.1633,0
-0.0018,0
-0.2326,0
0.1256,0
0.3747,0
0.0547,0
-0.0144,0
0.1880,0
0.1397,0
0.0340,0
-0.1217,0
-0.2931,0
-0.1698,0
-0.0191,0
0.0896,0
0.3989,0
0.4124,0
0.1342,0
0.2493,0
0.2882,0
0.0327,0
0.2605,0
0.4604,0
0.1751,0
0.2481,0
0.4541,0
0.3811,0
0.5936,0
0.6730,0
0.3221,0
0.2712,0
0.2142,0
-0.0105,0
0.1261,0
0.0047,0
-0.1281,0
0.6096,0
0.7779,0
0.0603,0
0.2926,0
0.7062,0
0.2304,0
0.1768,0
0.3650,0
0.1610,0
0.4540,0
0.5448,0
-0.2141,0
-0.3844,0
-0.0397,0
-0.1143,0
-0.1292,0
-0.1603,0
-0.1936,0
0.2904,0
0.2631,0
-0.4273,0
-0.3530,0
-0.0669,0
-0.2857,0
-0.1703,0
-0.1249,0
-0.4641,0
-0.4016,0
-0.4891,0
-0.8118,0
-0.4991,0
-0.4064,0
-0.8358,0
-0.6587,0
-0.3978,0
-0.6335,0
-0.5750,0
-0.4127,0
-0.3592,0
0.0880,0
0.2275,0
-0.0958,0
0.2615,0
0.8588,0
0.6560,0
0.1026,0
-0.3173,0
-0.6545,0
-0.8633,0
-1.0988,0
-1.2533,0
-1.0538,0
-0.8828,0
-0.6749,0
-0.0903,0
0.0658,0
-0.3208,0
-0.2485,0
-0.0510,0
-0.1544,0
0.0498,0
0.1952,0
-0.0177,0
0.0362,0
0.0318,0
-0.0993,0
0.2330,0
0.2740,0
-0.0744,0
0.2017,0
0.3850,0
0.0765,0
0.2152,0
0.2656,0
-0.0188,0
0.1895,0
0.0980,0
-0.5440,0
-0.5106,0
-0.2662,0
-0.4328,0
-0.2945,0
-0.1067,0
-0.1373,0
0.2621,0
0.6123,0
0.4211,0
0.3553,0
0.3145,0
0.1400,0
0.4167,0
0.6310,0
0.2663,0
0.0773,0
0.1716,0
0.1558,0
0.2166,0
0.2312,0
0.0812,0
0.0681,0
0.0427,0
-0.0550,0
0.0657,0
0.1554,0
0.0566,0
0.1031,0
0.2539,0
0.2740,0
0.1440,0
-0.0131,0
0.1934,0
0.7540,0
0.8784,0
0.3590,0
-0.0733,0
-0.1382,0
-0.0285,0
0.2617,0
0.4598,0
0.3373,0
0.1928,0
-0.0780,0
-0.7029,0
-1.0957,0
-0.7975,0
-0.1905,0
0.2105,0
0.3171,0
0.4419,0
0.6978,0
0.6966,0
0.4510,0
0.4693,0
0.6242,0
0.5866,0
0.5360,0
0.3918,0
0.1227,0
0.1741,0
0.4189,0
0.3843,0
0.2131,0
0.1976,0
0.2429,0
0.1967,0
0.1113,0
-0.0406,0
-0.2062,0
-0.0915,0
0.0559,0
-0.1611,0
-0.5081,0
-0.9059,0
-1.1685,0
-0.6984,0
-0.0016,0
0.0861,0
0.1328,0
0.4225,0
0.3370,0
0.2060,0
0.3912,0
0.3459,0
0.2596,0
0.4614,0
0.3879,0
0.1167,0
0.0321,0
-0.0897,0
0.0009,0
0.3792,0
0.4120,0
0.1566,0
-0.0999,0
-0.3692,0
-0.2989,0
-0.0316,0
-0.0486,0
0.0166,0
0.1772,0
0.0235,0
0.0839,0
0.3168,0
-0.0148,0
-0.2974,0
-0.1814,0
-0.3401,0
-0.3506,0
-0.0332,0
-0.1024,0
-0.0302,0
0.3721,0
0.2175,0
0.0312,0
0.2650,0
0.1519,0
0.0746,0
0.3043,0
0.0680,0
-0.0741,0
0.2145,0
-0.0248,0
-0.4250,0
-0.3471,0
-0.1704,0
0.1643,0
0.3012,0
-0.2246,0
-0.3650,0
0.0091,0
-0.2143,0
-0.4773,0
-0.2646,0
-0.3446,0
-0.3900,0
-0.0830,0
-0.0851,0
-0.1417,0
-0.0781,0
-0.3111,0
-0.3168,0
-0.0699,0
-0.3060,0
-0.5033,0
-0.4222,0
-0.5941,0
-0.3505,0
0.0777,0
-0.5875,0
-1.1924,0
-0.1695,0
-0.2533,0
-0.1895,0
-0.1379,0
-0.0310,0
0.1140,0
-0.1854,0
-0.4038,0
-0.0878,0
0.1223,0
0.1462,0
0.1654,0
-0.0358,0
-0.0462,0
0.1524,0
-0.1122,0
-0.3639,0
-0.1243,0
-0.0188,0
-0.0315,0
0.0208,0
-0.2451,0
-0.4044,0
-0.1971,0
-0.1733,0
-0.1084,0
0.0414,0
-0.1865,0
0.0472,0
1.1230,0
1.5643,0
0.8082,0
-0.2826,0
-0.9369,0
-0.6530,0
-0.2658,0
-0.7765,0
-0.9708,0
-0.4480,0
-0.5235,0
-0.6346,0
-0.1440,0
-0.0847,0
-0.2795,0
-0.1519,0
-0.2052,0
-0.1955,0
0.1094,0
0.0745,0
-1345,0
0,0
-0.7952,0
-0.8155,0
-0.2289,0
0.0253,0
0.0515,0
0.4372,0
0.7770,0
0.7135,0
0.6241,0
0.7038,0
0.7014,0
0.5927,0
0.6408,0
0.9063,0
1.2229,0
1.5259,0
1.7584,0
1.6755,0
1.2042,0
0.5845,0
0.0537,0
-0.3363,0
-0.6077,0
-0.6218,0
-0.4120,0
-0.3260,0
-0.3244,0
-0.1043,0
0.0963,0
-0.0495,0
-0.2432,0
-0.1967,0
-0.1185,0
-0.1368,0
-0.0900,0
0.0345,0
0.0231,0
-0.1327,0
-0.1618,0
-0.0404,0
-0.0087,0
-0.0687,0
-0.0680,0
0.0134,0
0.1045,0
0.0943,0
-0.0535,0
-0.2153,0
-0.2738,0
-0.2441,0
-0.1597,0
-0.0331,0
0.1174,0
0.3678,0
0.5829,0
0.4414,0
0.2388,0
0.2447,0
-0.2399,0
-1.2901,0
-1.8070,0
-1.5379,0
-0.7996,0
0.3794,0
1.0177,0
0.4901,0
-0.0254,0
0.0961,0
0.4230,0
0.7742,0
0.8003,0
0.5112,0
0.4418,0
0.3986,0
0.2608,0
0.4115,0
0.5151,0
0.3890,0
0.4397,0
0.3895,0
0.2815,0
0.6485,0
0.7958,0
0.3569,0
0.2248,0
0.3359,0
0.2764,0
0.3719,0
0.2780,0
-0.2144,0
-0.2500,0
0.2925,0
0.7113,0
0.6717,0
0.2037,0
-0.0128,0
0.3705,0
0.3094,0
-0.2027,0
-0.0057,0
0.3179,0
0.0558,0
-0.0929,0
-0.2005,0
-0.3896,0
-0.0926,0
0.0540,0
-0.2162,0
0.0057,0
0.1705,0
-0.1716,0
-0.0729,0
0.1652,0
0.1448,0
0.3752,0
0.1247,0
-0.6773,0
-0.6030,0
-0.0373,0
-0.0814,0
-0.3261,0
-0.5473,0
--0.1175,0
0.3696,0
1.0442,0
1.1770,0
0.8897,0
0.6958,0
0.5542,0
-0.0559,0
-0.9890,0
-1.0912,0
-0.3571,0
-0.2748,0
