Command: /home/vedant/.espressif/python_env/idf5.5_py3.10_env/bin/python /home/vedant/esp/esp-idf/tools/idf_monitor.py -p /dev/ttyUSB0 -b 115200 --toolchain-prefix xtensa-esp32-elf- --target esp32 --revision 0 /home/vedant/Bidex_Hand_Project/eog_bioamp/build/eog_bioamp.elf /home/vedant/Bidex_Hand_Project/eog_bioamp/build/bootloader/bootloader.elf -m '/home/vedant/.espressif/python_env/idf5.5_py3.10_env/bin/python' '/home/vedant/esp/esp-idf/tools/idf.py'
ets Jul 29 2019 12:21:46

rst:0x1 (POWERON_RESET),boot:0x13 (SPI_FAST_FLASH_BOOT)
configsip: 0, SPIWP:0xee
clk_drv:0x00,q_drv:0x00,d_drv:0x00,cs0_drv:0x00,hd_drv:0x00,wp_drv:0x00
mode:DIO, clock div:2
load:0x3fff0030,len:6380
ho 0 tail 12 room 4
load:0x40078000,len:15916
load:0x40080400,len:3860
entry 0x40080638
[0;32mI (29) boot: ESP-IDF v5.5 2nd stage bootloader[0m
[0;32mI (29) boot: compile time Jan 13 2026 13:56:03[0m
[0;32mI (29) boot: Multicore bootloader[0m
[0;32mI (30) boot: chip revision: v3.1[0m
[0;32mI (33) boot.esp32: SPI Speed      : 40MHz[0m
[0;32mI (37) boot.esp32: SPI Mode       : DIO[0m
[0;32mI (40) boot.esp32: SPI Flash Size : 2MB[0m
[0;32mI (44) boot: Enabling RNG early entropy source...[0m
[0;32mI (49) boot: Partition Table:[0m
[0;32mI (51) boot: ## Label            Usage          Type ST Offset   Length[0m
[0;32mI (57) boot:  0 nvs              WiFi data        01 02 00009000 00006000[0m
[0;32mI (64) boot:  1 phy_init         RF data          01 01 0000f000 00001000[0m
[0;32mI (71) boot:  2 factory          factory app      00 00 00010000 00100000[0m
[0;32mI (77) boot: End of partition table[0m
[0;32mI (80) esp_image: segment 0: paddr=00010020 vaddr=3f400020 size=0a3a8h ( 41896) map[0m
[0;32mI (102) esp_image: segment 1: paddr=0001a3d0 vaddr=3ff80000 size=00020h (    32) load[0m
[0;32mI (102) esp_image: segment 2: paddr=0001a3f8 vaddr=3ffb0000 size=023e8h (  9192) load[0m
[0;32mI (110) esp_image: segment 3: paddr=0001c7e8 vaddr=40080000 size=03830h ( 14384) load[0m
[0;32mI (119) esp_image: segment 4: paddr=00020020 vaddr=400d0020 size=1668ch ( 91788) map[0m
[0;32mI (152) esp_image: segment 5: paddr=000366b4 vaddr=40083830 size=097dch ( 38876) load[0m
[0;32mI (174) boot: Loaded app from partition at offset 0x10000[0m
[0;32mI (174) boot: Disabling RNG early entropy source...[0m
[0;32mI (185) cpu_start: Multicore app[0m
[0;32mI (193) cpu_start: Pro cpu start user code[0m
[0;32mI (193) cpu_start: cpu freq: 160000000 Hz[0m
[0;32mI (193) app_init: Application information:[0m
[0;32mI (193) app_init: Project name:     eog_bioamp[0m
[0;32mI (197) app_init: App version:      1[0m
[0;32mI (201) app_init: Compile time:     Jan 13 2026 13:55:47[0m
[0;32mI (206) app_init: ELF file SHA256:  dd118255f...[0m
[0;32mI (210) app_init: ESP-IDF:          v5.5[0m
[0;32mI (214) efuse_init: Min chip rev:     v0.0[0m
[0;32mI (218) efuse_init: Max chip rev:     v3.99 [0m
[0;32mI (222) efuse_init: Chip rev:         v3.1[0m
[0;32mI (226) heap_init: Initializing. RAM available for dynamic allocation:[0m
[0;32mI (232) heap_init: At 3FFAE6E0 len 00001920 (6 KiB): DRAM[0m
[0;32mI (237) heap_init: At 3FFB2D78 len 0002D288 (180 KiB): DRAM[0m
[0;32mI (242) heap_init: At 3FFE0440 len 00003AE0 (14 KiB): D/IRAM[0m
[0;32mI (248) heap_init: At 3FFE4350 len 0001BCB0 (111 KiB): D/IRAM[0m
[0;32mI (253) heap_init: At 4008D00C len 00012FF4 (75 KiB): IRAM[0m
[0;33mW (260) spi_flash: boya detected but related driver is not linked, please check option `SPI_FLASH_SUPPORT_BOYA_CHIP`[0m
[0;32mI (269) spi_flash: detected chip: generic[0m
[0;32mI (272) spi_flash: flash io: dio[0m
[0;33mW (275) spi_flash: Detected size(4096k) larger than the size in the binary image header(2048k). Using the size in the binary image header.[0m
[0;32mI (288) main_task: Started on CPU0[0m
[0;32mI (298) main_task: Calling app_main()[0m
EOG Signal Monitor Started
signal,peak
0.4265,1
2.2961,1
4.9901,1
5.5300,1
3.5960,1
2.5480,1
2.8656,1
2.3777,1
1.7401,1
1.8447,1
1.4298,0
0.7695,0
0.6603,0
0.3036,0
-0.1344,0
-0.2144,0
-0.4841,0
-0.5875,0
-0.5713,0
-1.1835,0
-1.4612,0
-1.1489,0
-1.5053,0
-1.8116,0
-1.4465,0
-1.5562,0
-1.7175,0
-1.4385,0
-1.7266,0
-2.0685,0
-1.8998,0
-2.0702,0
-2.1375,0
-1.8140,0
-2.0032,0
-2.1716,0
-2.0112,0
-2.2523,0
-2.1382,0
-1.5919,0
-1.7859,0
-1.9196,0
-1.5441,0
-1.6886,0
-1.5992,0
-1.0071,0
-1.3094,0
-1.7530,0
-1.3453,0
-1.0654,0
-0.9170,0
-0.7928,0
-1.2001,0
-1.0127,0
-0.3026,0
-0.6396,0
-0.8733,0
-0.2628,0
-0.3397,0
-0.5194,0
-0.1265,0
-0.2747,0
-0.2724,0
0.2237,0
-0.0815,0
-0.2384,0
0.3125,0
0.1001,0
-0.0425,0
0.5225,0
0.3447,0
0.2351,0
0.8305,0
0.7489,0
0.6287,0
0.8299,0
0.2667,0
0.1280,0
0.8188,0
0.8390,0
0.9928,0
1.4596,0
0.8770,0
0.7585,0
1.5449,0
1.1387,0
0.7015,0
1.3180,0
1.2189,0
0.9628,0
1.2538,0
0.8880,0
0.9008,0
1.5576,0
1.1542,0
0.8827,0
1.3458,0
0.9095,0
0.6613,0
1.0757,0
0.4412,0
0.0866,0
0.9337,0
1.0431,0
0.8373,0
1.0263,0
0.5700,0
0.5283,0
1.1156,0
0.6368,0
0.3234,0
0.9042,0
0.6827,0
0.5082,0
0.9404,0
0.4698,0
0.2996,0
1.0451,0
0.7175,0
0.2058,0
0.5276,0
0.2368,0
0.1222,0
0.6405,0
0.1814,0
-0.0723,0
0.5511,0
0.1688,0
-0.2031,0
0.3081,0
-0.0431,0
-0.3158,0
0.3020,0
0.0798,0
-0.1370,0
0.3335,0
-0.0957,0
-0.3261,0
0.3330,0
0.0480,0
-0.3097,0
0.0504,0
-0.3433,0
-0.4840,0
0.1052,0
-0.2999,0
-0.4965,0
0.2238,0
-0.0504,0
-0.4181,0
-0.0383,0
-0.4317,0
-0.5813,0
0.1108,0
-0.1858,0
-0.5222,0
-0.0875,0
-0.4632,0
-0.6741,0
-0.1031,0
-0.4494,0
-0.6666,0
-0.1198,0
-0.5157,0
-0.6922,0
0.0205,0
-0.2851,0
-0.5666,0
0.0255,0
-0.2831,0
-0.6003,0
-0.1634,0
-0.5313,0
-0.6422,0
0.0704,0
-0.2384,0
-0.5179,0
-0.0052,0
-0.3694,0
-0.5630,0
0.0256,0
-0.3713,0
-0.5838,0
0.1680,0
-0.0337,0
-0.3510,0
0.0264,0
-0.3967,0
-0.5871,0
-0.0350,0
-0.4581,0
-0.6608,0
-0.0862,0
-0.5241,0
-0.6037,0
0.2731,0
-0.0604,0
-0.4240,0
0.1612,0
-0.1282,0
-0.3184,0
0.2690,0
-0.1281,0
-0.3383,0
0.3057,0
-0.1096,0
-0.4095,0
0.2224,0
-0.0917,0
-0.2934,0
0.3174,0
-0.0816,0
-0.2796,0
0.4288,0
0.0592,0
-0.2688,0
0.2629,0
-0.1341,0
-0.3082,0
0.3665,0
-0.0093,0
-0.2042,0
0.4000,0
-0.1430,0
-0.3857,0
0.5029,0
0.2878,0
-0.0168,0
0.5317,0
0.1075,0
-0.2019,0
0.4169,0
0.1503,0
0.0229,0
0.6514,0
0.2289,0
-0.0318,0
0.5646,0
0.1076,0
-0.2563,0
0.2677,0
-0.1086,0
-0.2203,0
0.5246,0
0.0797,0
-0.3074,0
0.2575,0
-0.1480,0
-0.3428,0
0.4497,0
0.1683,0
-0.1138,0
0.4523,0
0.0342,0
-0.1954,0
0.5253,0
0.2149,0
-0.0730,0
0.5239,0
0.2094,0
-0.0420,0
0.4792,0
0.0578,0
-0.1936,0
0.4247,0
0.0885,0
-0.1619,0
0.4111,0
0.0500,0
-0.2153,0
0.3545,0
0.0632,0
-0.1373,0
0.3623,0
-0.0372,0
-0.2181,0
0.4083,0
0.0694,0
-0.0898,0
1.0195,0
1.4970,0
1.1306,0
0.7232,0
-0.0189,0
-0.3728,0
-0.3389,0
-0.9459,0
-1.0033,0
-0.3870,0
-0.7955,0
-0.9531,0
-0.2797,0
-0.5881,0
-0.7401,0
0.0094,0
-0.1547,0
-0.4055,0
0.0075,0
-0.3126,0
-0.4514,0
0.0479,0
-0.3215,0
-0.4800,0
0.0979,0
-0.2730,0
-0.5293,0
0.1126,0
-0.0380,0
-0.2536,0
0.2063,0
-0.0386,0
-0.1813,0
0.3727,0
0.1565,0
-0.1206,0
0.1512,0
-0.2428,0
-0.4082,0
0.0962,0
-0.2048,0
-0.3659,0
0.2121,0
-0.0089,0
-0.2586,0
0.0768,0
-0.2414,0
-0.3322,0
0.0813,0
-0.3707,0
-0.4543,0
0.2212,0
-0.0620,0
-0.4016,0
-0.5428,0
-1.7778,0
-2.0290,0
-0.5011,0
0.1573,0
0.2862,0
0.7603,0
0.3227,0
0.1261,0
0.8100,0
0.5970,0
0.3878,0
0.9292,0
0.6347,0
0.3660,0
0.8083,0
0.4450,0
0.1551,0
0.6019,0
0.2897,0
0.0985,0
0.6209,0
0.3248,0
0.1069,0
0.5655,0
0.2246,0
0.0263,0
0.5226,0
0.1983,0
-0.0122,0
0.4681,0
0.1951,0
0.0705,0
0.5084,0
0.0194,0
-0.2759,0
0.2225,0
-0.1080,0
-0.3468,0
0.0977,0
-0.2093,0
-0.2033,0
0.5497,0
0.3102,0
-0.0012,0
0.2946,0
-0.1152,0
-0.2095,0
0.4229,0
0.1191,0
-0.1768,0
0.2339,0
-0.0817,0
-0.2264,0
0.3493,0
0.0328,0
-0.2812,0
0.2401,0
0.0350,0
-0.2883,0
0.2223,0
0.3682,0
0.3764,0
0.6320,0
0.2038,0
-0.1400,0
0.1619,0
-0.0254,0
-0.2982,0
-0.1105,0
-0.3486,0
-0.5885,0
-0.3424,0
-0.4432,0
-0.5425,0
-0.2182,0
-0.3209,0
-0.6711,0
-0.5914,0
-0.3853,0
-0.1837,0
-0.0921,0
-0.3239,0
-0.2641,0
0.1086,0
-0.0277,0
-0.2809,0
-0.1232,0
-0.1227,0
-0.3120,0
-0.2515,0
-0.1260,0
-0.1277,0
-0.1286,0
-0.0748,0
-0.0296,0
-0.0771,0
-0.1872,0
-0.2025,0
-0.0219,0
0.1517,0
0.0353,0
-0.1037,0
0.0547,0
0.1803,0
0.0686,0
-0.0567,0
-0.1572,0
-0.1551,0
0.0482,0
0.0926,0
-0.0640,0
0.0183,0
0.1321,0
0.0454,0
0.1447,0
0.2785,0
0.3242,0
0.8831,0
1.6308,1
1.7193,1
1.2844,0
0.5161,0
-0.3394,0
-0.6727,0
-0.7685,0
-0.9069,0
-0.6430,0
-0.4098,0
-0.5897,0
-0.5453,0
-0.3719,0
-0.3480,0
-0.1301,0
-0.1420,0
-0.4764,0
-0.2696,0
0.0034,0
-0.2521,0
-0.1611,0
0.1282,0
-0.0881,0
-0.2566,0
-0.1875,0
-0.0173,0
0.3536,0
0.3258,0
-0.0140,0
0.0935,0
0.0695,0
-0.2248,0
0.1079,0
0.5145,0
0.3801,0
0.2871,0
0.1138,0
-0.1319,0
0.1758,0
0.4158,0
0.2635,0
0.4582,0
0.4471,0
-0.0185,0
0.1086,0
0.3483,0
0.1840,0
0.4092,0
0.4005,0
-0.2254,0
-0.2377,0
0.0009,0
-0.1588,0
0.0339,0
0.2149,0
0.0844,0
0.2862,0
0.2283,0
-0.1232,0
0.0779,0
0.1200,0
-0.0363,0
0.4137,0
0.3654,0
-0.3103,0
-0.1627,0
0.0544,0
-0.2548,0
0.0658,0
0.4255,0
0.1150,0
0.0706,0
-0.0465,0
-0.5351,0
-0.3362,0
0.0232,0
-0.1971,0
-0.2286,0
-0.1318,0
-0.0283,0
0.3527,0
0.1071,0
-0.3472,0
0.2030,0
0.3310,0
-0.3158,0
0.0343,0
0.4020,0
-0.4093,0
-1.1467,0
-1.6038,0
-1.5083,0
-0.0888,0
0.7217,0
0.2667,0
0.6280,0
0.9979,0
0.3798,0
0.4341,0
0.4828,0
-0.3202,0
-0.0815,0
0.6630,0
0.4461,0
0.4015,0
0.4313,0
0.1274,0
0.4891,0
0.4445,0
-0.4366,0
-0.2603,0
0.2332,0
-0.0950,0
-0.0076,0
0.0480,0
-0.3706,0
0.0012,0
0.2034,0
-0.2956,0
0.0662,0
0.3668,0
-0.2076,0
-0.1853,0
-0.0969,0
-0.4669,0
-0.1190,0
0.0347,0
-0.4507,0
-0.1570,0
-0.0622,0
-0.6814,0
-0.3812,0
-0.0423,0
-0.4272,0
-0.1529,0
-0.0203,0
-0.5157,0
0.1112,0
1.1161,0
0.8170,0
-0.0376,0
-0.6855,0
-0.7769,0
-0.2567,0
-0.4723,0
-1.0159,0
-0.3752,0
-0.2167,0
-1.1586,0
-1.0045,0
-0.3464,0
-0.3239,0
0.0608,0
0.1318,0
-0.3809,0
-0.0476,0
0.1520,0
-0.2978,0
0.0457,0
0.1830,0
-0.3499,0
0.0211,0
0.1748,0
-0.5878,0
-0.2807,0
-0.2668,0
0.4549,0
0.6244,0
-0.1011,0
0.1739,0
0.5591,0
0.1521,0
0.3321,0
0.4249,0
-0.1430,0
-0.2385,0
-0.7438,0
-1.6072,0
-0.9391,0
0.0724,0
0.2925,0
0.8544,0
0.9272,0
0.2835,0
0.5658,0
0.7696,0
0.3354,0
0.7557,0
0.9541,0
0.3512,0
0.5759,0
0.7115,0
0.1706,0
0.4854,0
0.6575,0
0.0933,0
0.4188,0
0.6752,0
01384,0
03304,0
0.4293,0
--0.3184,0
-0.0562,0
0.1195,0
-0.3684,0
-0.0343,0
0.2201,0
-0.2674,0
-0.0674,0
0.0293,0
-0.4460,0
-0.0467,0
0.2281,0
-0.2806,0
-0.0782,0
0.0523,0
-0.4132,0
-0.0543,0
0.1770,0
-0.3225,0
-0.0297,0
0.2487,0
-0.1954,0
-0.0546,0
-0.0244,0
-0.4702,0
-0.0472,0
0.1905,0
-0.3292,0
-0.0355,0
0.2563,0
-0.1837,0
0.1519,0
0.7384,0
0.4479,0
0.1575,0
0.0425,0
-0.1108,0
0.0125,0
-0.3057,0
-0.7391,0
-0.1409,0
0.1119,0
-0.4458,0
-0.2005,0
0.0375,0
-0.3826,0
-0.0953,0
0.1876,0
-0.2021,0
-0.0417,0
0.1131,0
-0.2380,0
-0.0366,0
0.0321,0
-0.3637,0
-0.0550,0
0.0914,0
-0.3479,0
-0.0463,0
0.1776,0
-0.2415,0
0.0126,0
0.2694,0
-0.1001,0
-0.0015,0
-0.0114,0
-0.3904,0
0.0122,0
0.2216,0
-0.2434,0
0.0041,0
0.2086,0
-0.1973,0
-0.0008,0
0.0500,0
-0.3835,0
0.0141,0
0.2323,0
-0.2593,0
0.0627,0
0.3843,0
-0.0371,0
0.1044,0
0.2303,0
-0.1478,0
0.1258,0
0.2622,0
-0.1711,0
0.1232,0
0.3283,0
-0.1145,0
0.0986,0
0.2878,0
-0.0924,0
0.1551,0
0.3408,0
-0.0531,0
0.1199,0
0.1558,0
-0.3287,0
-0.0358,0
0.2448,0
-0.1065,0
0.1350,0
0.2538,0
-0.5558,0
-1.3327,0
-2.0347,0
-2.0685,0
-0.5857,0
0.4494,0
0.1723,0
0.3901,0
0.8153,0
0.6159,0
0.7156,0
0.7679,0
0.4924,0
0.7964,0
0.8798,0
0.3979,0
0.4200,0
0.2434,0
-0.2588,0
0.1829,0
0.6556,0
0.4806,0
0.6886,0
0.6431,0
-0.0097,0
0.0364,0
0.3157,0
0.1661,0
0.3642,0
0.3934,0
-0.0041,0
0.1173,0
0.1320,0
-0.1910,0
0.0598,0
0.1363,0
-0.2317,0
-0.1549,0
-0.2113,0
-0.4922,0
-0.1940,0
-0.0789,0
-0.4328,0
-0.3115,0
-0.1303,0
-0.3756,0
-0.3940,0
-0.3277,0
-0.4239,0
-0.1808,0
0.0071,0
-0.3095,0
-0.4650,0
-0.2519,0
-0.0610,0
-0.0216,0
-0.2595,0
-0.5588,0
-0.4846,0
-0.2776,0
-0.2006,0
0.0176,0
0.2205,0
0.0042,0
-0.2698,0
-0.1689,0
-0.0340,0
-0.1289,0
-0.0731,0
0.1510,0
0.0732,0
-0.1104,0
0.0097,0
0.1900,0
0.2326,0
0.1617,0
-0.0480,0
-0.0860,0
0.1809,0
0.3063,0
0.1909,0
0.0439,0
-0.0811,0
0.0449,0
0.2410,0
0.0719,0
-0.0127,0
0.1397,0
0.0354,0
0.0879,0
0.4406,0
0.3388,0
0.0477,0
0.1863,0
0.3682,0
0.3051,0
0.0698,0
-0.1450,0
0.2064,0
0.6822,0
0.3665,0
-0.0116,0
0.1697,0
0.1965,0
0.1315,0
0.3647,0
0.4407,0
0.3847,0
0.4278,0
0.3120,0
0.2360,0
0.2561,0
0.0481,0
0.0025,0
0.2524,0
0.2969,0
0.2100,0
0.0560,0
-0.2392,0
-0.2109,0
-0.0268,0
-0.2039,0
-0.1175,0
0.3272,0
0.2079,0
-0.1129,0
0.0026,0
0.0718,0
-0.0089,0
-0.1424,0
-0.3974,0
-0.2204,0
0.1989,0
0.0369,0
-0.1558,0
0.0140,0
-0.0664,0
-0.1145,0
009,0
0.0.6810,0
0.1656,0
-0.1705,0
0.4039,0
0.4014,0
0.4642,0
0.9640,0
0.4792,0
0.0995,0
0.6400,0
0.5187,0
0.2907,0
0.7014,0
0.4887,0
0.2063,0
0.4695,0
0.2894,0
0.3156,0
0.6185,0
-0.0123,0
-0.2461,0
0.4494,0
0.2724,0
-0.1170,0
0.1338,0
-0.0870,0
-0.1959,0
0.1522,0
-0.1473,0
-0.1192,0
0.5571,0
0.1868,0
-0.4154,0
-0.0904,0
0.0085,0
-0.0090,0
0.2468,0
-0.0487,0
-0.1107,0
0.3393,0
0.0785,0
0.0170,0
0.6292,0
0.4874,0
0.3684,0
1.2315,0
1.6982,0
1.2655,0
0.4636,0
-0.3983,0
-0.5729,0
-,0
1.-1.1989,0
-0.1632,0
-0.3680,0
-0.9823,0
-0.6643,0
-0.5850,0
-0.5423,0
-0.1667,0
-0.4848,0
-0.6545,0
-0.3191,0
-1.1082,0
-2.2622,0
-2.2715,0
-1.7179,0
-0.6802,0
0.4560,0
0.5631,0
0.5854,0
.0.5437,0
0.4476,0
0.8829,0
0.5099,0
0.3117,0
0.7555,0
0.4937,0
0.3578,0
0.8047,0
0.4321,0
0.0227,0
0.3274,0
0.1977,0
0.1638,0
0.5825,0
021,0
240.5050,0
-0.0228,0
-0.2170,0
0.3017,0
0.0510,0
-0.0500,0
0.4980,0
0.1486,0
-0.2408,0
0.2488,0
0.2337,0
-0.0209,0
0.1170,0
-0.1517,0
-0.1578,0
0.2937,0
0.0266,0
-0.0606,0
0.3305,0
-0.1420,0
-0.3595,0
0.2496,0
-0.0379,0
-0.5018,0
-0.1491,0
-0.1448,0
-0.0742,0
0.3825,0
0.0706,0
-0.1141,0
0.2587,0
-0.1073,0
-0.2376,0
0.3274,0
0.0462,0
-0.2314,0
0.1592,0
-0.1113,0
-0.2596,0
0.2046,0
-0.0527,0
-0.2140,0
0.2385,0
0.0175,0
-0.0942,0
0.4081,0
0.1549,0
-0.2001,0
-0.0268,0
-0.3470,0
-0.3572,0
0.1488,0
-0.2432,0
-0.4138,0
0.2309,0
0.0756,0
-0.1889,0
0.0466,0
-0.3126,0
-0.3065,0
0.2776,0
-0.0691,0
-0.2678,0
0.2004,0
-0.1490,0
-0.3222,0
0.2141,0
-0.0782,0
-0.2711,0
0.2752,0
0.0820,0
-0.0828,0
0.3996,0
0.2360,0
0.3698,0
1.6925,0
2.2485,0
1.4439,0
0.9120,0
1.0461,0
0.9395,0
0.1206,0
-0.9896,0
-1.4986,0
-1.7361,0
-2.4648,0
-2.5765,0
-1.9257,0
--1.8272,0
-1.1679,0
-1.0039,0
-0.6593,0
-0.0468,0
-0.3573,0
-0.4953,0
-0.0005,0
-0.0907,0
0.1250,0
0.8243,0
0.5736,0
0.3954,0
0.8663,0
0.6261,0
0.4096,0
0.8486,0
0.7803,0
0.7542,0
1.1387,0
0.7585,0
0.3901,0
0.6861,0
0914,0
0.6205,0
0.9534,0
0.4984,0
0.2852,0
0.8120,0
0.6720,0
0.4394,0
0.6463,0
0.2659,0
0.0273,0
0.3668,0
0.1898,0
0.0880,0
0.3156,0
-0.0571,0
-0.1280,0
0.2186,0
-0.2391,0
-0.3713,0
0.2375,0
0.0062,0
-0.3034,0
0.0950,0
-0.0078,0
-0.1477,0
0.1136,0
-0.2680,0
-0.4567,0
0.1106,0
0.0878,0
-0.1593,0
-0.0113,0
-0.1872,0
-0.0380,0
0.8105,0
1.0838,0
0.6287,0
-0.0405,0
-0.8022,0
-0.9573,0
-0.7938,0
-1.2476,0
-1.2792,0
-0.5809,0
-0.5005,0
-0.5168,0
-0.2735,0
-0.6565,0
-0.7017,0
-0.1486,0
-0.2991,0
-0.3508,0
0.0389,0
-0.4609,0
-0.9513,0
-0.5562,0
-0.4122,0
-0.2452,0
0.2097,0
-0.0657,0
-0.2469,0
0.1238,0
-0.1555,0
-0.3217,0
0.0671,0
-0.2183,0
-0.3056,0
0.2861,0
0.1558,0
-0.0548,0
0.0173,0
-0.8413,0
-1.3522,0
-0.5520,0
-0.0619,0
0.1593,0
0.5581,0
0.3084,0
0.2577,0
0.6653,0
0.3050,0
0.1895,0
0.7071,0
0.2052,0
-0.4936,0
-0.3071,0
-0.2420,0
0.0964,0
0.8423,0
0.6690,0
0.4118,0
0.7345,0
0.4120,0
0.0791,0
0.4491,0
0.4306,0
0.3447,0
0.5763,0
0.2683,0
0.1270,0
0.5459,0
0.4367,0
0.2946,0
0.4855,0
0.1535,0
0.0178,0
00.1809,0
0.7914,0
1.5413,1
1.6787,1
1.1318,1
0.4676,0
-0.0325,0
-0.4853,0
-1.0246,0
-1.3339,0
-1.1561,0
-1.0023,0
-1.0379,0
-0.8335,0
-0.7287,0
-0.9369,0
-0.7940,0
-0.4146,0
-0.3357,0
-0.3765,0
-0.4609,0
-0.4869,0
-0.2288,0
-0.1437,0
-0.3696,0
-0.3482,0
-0.2147,0
-0.2520,0
-0.1343,0
0.0095,0
-0.0069,0
0.1049,0
0.1091,0
-0.0218,0
0.1080,0
0.0566,0
-.2209,0
-0676,0
0.1844,0
0.0985,0
-0.2198,0
-0.9164,0
-1.5378,0
-1.3283,0
-0.7285,0
-0.1823,0
0.5715,0
1.1034,0
1.0517,0
0.9436,0
0.8711,0
0.7700,0
0.8887,0
0.8666,0
0.5701,0
0.5246,0
0.4993,0
0.2464,0
0.2957,0
0.4449,0
0.2996,0
0.2590,0
0.2938,0
0.2891,0
0.3873,0
0.2198,0
0.0398,0
0.3765,0
0.4475,0
-0.0269,0
-0.0887,0
0.2147,0
0.3215,0
0.3529,0
0.1750,0
-0.1042,0
0.0035,0
0.0561,0
-0.1229,0
.-0.0056,0
-0.1056,0
0.1202,0
0.0695,0
-0.1921,0
0.0947,0
0.2887,0
0.1968,0
0.5102,0
0.5589,0
0.1288,0
0.1695,0
0.2060,0
-0.0677,0
0.2670,0
0.6396,0
0.4450,0
0.5275,0
0.5773,0
0.1208,0
-0.1758,0
-0.5805,0
-1.1006,0
-0.9274,0
-0.7546,0
-0.9174,0
-0.5387,0
-0.2427,0
-0.4397,0
-0.2795,0
-0.2959,0
-0.6709,0
-0.3570,0
