Command: /home/vedant/.espressif/python_env/idf5.5_py3.10_env/bin/python /home/vedant/esp/esp-idf/tools/idf_monitor.py -p /dev/ttyUSB0 -b 115200 --toolchain-prefix xtensa-esp32-elf- --target esp32 --revision 0 /home/vedant/Bidex_Hand_Project/eog_bioamp/build/eog_bioamp.elf /home/vedant/Bidex_Hand_Project/eog_bioamp/build/bootloader/bootloader.elf -m '/home/vedant/.espressif/python_env/idf5.5_py3.10_env/bin/python' '/home/vedant/esp/esp-idf/tools/idf.py'
ets Jul 29 2019 12:21:46

rst:0x1 (POWERON_RESET),boot:0x13 (SPI_FAST_FLASH_BOOT)
configsip: 0, SPIWP:0xee
clk_drv:0x00,q_drv:0x00,d_drv:0x00,cs0_drv:0x00,hd_drv:0x00,wp_drv:0x00
mode:DIO, clock div:2
load:0x3fff0030,len:6380
ho 0 tail 12 room 4
load:0x40078000,len:15916
load:0x40080400,len:3860
entry 0x40080638
[0;32mI (29) boot: ESP-IDF v5.5 2nd stage bootloader[0m
[0;32mI (29) boot: compile time Jan 13 2026 13:56:03[0m
[0;32mI (29) boot: Multicore bootloader[0m
[0;32mI (30) boot: chip revision: v3.1[0m
[0;32mI (33) boot.esp32: SPI Speed      : 40MHz[0m
[0;32mI (37) boot.esp32: SPI Mode       : DIO[0m
[0;32mI (40) boot.esp32: SPI Flash Size : 2MB[0m
[0;32mI (44) boot: Enabling RNG early entropy source...[0m
[0;32mI (49) boot: Partition Table:[0m
[0;32mI (51) boot: ## Label            Usage          Type ST Offset   Length[0m
[0;32mI (57) boot:  0 nvs              WiFi data        01 02 00009000 00006000[0m
[0;32mI (64) boot:  1 phy_init         RF data          01 01 0000f000 00001000[0m
[0;32mI (71) boot:  2 factory          factory app      00 00 00010000 00100000[0m
[0;32mI (77) boot: End of partition table[0m
[0;32mI (80) esp_image: segment 0: paddr=00010020 vaddr=3f400020 size=0c300h ( 49920) map[0m
[0;32mI (105) esp_image: segment 1: paddr=0001c328 vaddr=3ff80000 size=00020h (    32) load[0m
[0;32mI (105) esp_image: segment 2: paddr=0001c350 vaddr=3ffb0000 size=03178h ( 12664) load[0m
[0;32mI (114) esp_image: segment 3: paddr=0001f4d0 vaddr=40080000 size=00b48h (  2888) load[0m
[0;32mI (118) esp_image: segment 4: paddr=00020020 vaddr=400d0020 size=279c8h (162248) map[0m
[0;32mI (179) esp_image: segment 5: paddr=000479f0 vaddr=40080b48 size=1042ch ( 66604) load[0m
[0;32mI (214) boot: Loaded app from partition at offset 0x10000[0m
[0;32mI (214) boot: Disabling RNG early entropy source...[0m
[0;32mI (224) cpu_start: Multicore app[0m
[0;32mI (233) cpu_start: Pro cpu start user code[0m
[0;32mI (233) cpu_start: cpu freq: 160000000 Hz[0m
[0;32mI (233) app_init: Application information:[0m
[0;32mI (233) app_init: Project name:     eog_bioamp[0m
[0;32mI (237) app_init: App version:      1[0m
[0;32mI (240) app_init: Compile time:     Jan 13 2026 13:55:47[0m
[0;32mI (245) app_init: ELF file SHA256:  4a9754d7e...[0m
[0;32mI (250) app_init: ESP-IDF:          v5.5[0m
[0;32mI (253) efuse_init: Min chip rev:     v0.0[0m
[0;32mI (257) efuse_init: Max chip rev:     v3.99 [0m
[0;32mI (261) efuse_init: Chip rev:         v3.1[0m
[0;32mI (265) heap_init: Initializing. RAM available for dynamic allocation:[0m
[0;32mI (271) heap_init: At 3FFAE6E0 len 00001920 (6 KiB): DRAM[0m
[0;32mI (276) heap_init: At 3FFB61F8 len 00029E08 (167 KiB): DRAM[0m
[0;32mI (282) heap_init: At 3FFE0440 len 00003AE0 (14 KiB): D/IRAM[0m
[0;32mI (287) heap_init: At 3FFE4350 len 0001BCB0 (111 KiB): D/IRAM[0m
[0;32mI (293) heap_init: At 40090F74 len 0000F08C (60 KiB): IRAM[0m
[0;33mW (299) spi_flash: boya detected but related driver is not linked, please check option `SPI_FLASH_SUPPORT_BOYA_CHIP`[0m
[0;32mI (308) spi_flash: detected chip: generic[0m
[0;32mI (312) spi_flash: flash io: dio[0m
[0;33mW (315) spi_flash: Detected size(4096k) larger than the size in the binary image header(2048k). Using the size in the binary image header.[0m
[0;33mW (327) ADC: legacy driver is deprecated, please migrate to `esp_adc/adc_oneshot.h`[0m
[0;32mI (335) main_task: Started on CPU0[0m
[0;32mI (345) main_task: Calling app_main()[0m
ESP32 EOG Blink Detection Started (GPIO34)
-0.014926,0
-0.024924,0
0.044403,1
0.108611,1
-0.000093,0
-0.159800,0
-0.157160,0
-0.018416,0
0.166575,1
0.368182,1
0.483715,1
0.402442,0
0.245091,0
0.179415,0
0.093476,0
-0.138511,0
-0.353151,0
-0.337370,0
-0.147586,0
-0.001604,0
0.071960,0
0.227198,0
0.426278,1
0.373982,0
0.074806,0
-0.110155,0
-0.207939,0
-0.425735,0
-0.516157,0
-0.347088,0
-0.220203,0
-0.178200,0
-0.013716,0
0.209309,1
0.320881,1
0.235777,0
-0.007607,0
-0.179592,0
-0.198912,0
-0.226463,0
-0.315256,0
-0.353956,0
-0.252050,0
-0.067842,0
0.065531,0
0.157913,1
0.291885,1
0.326897,1
0.110929,0
-0.163307,0
-0.303423,0
-0.348604,0
-0.311996,0
-0.200241,0
-0.073891,0
0.072931,0
0.200460,0
0.192395,0
0.136545,0
0.148520,0
0.061311,0
-0.174124,0
-0.318861,0
-0.295524,0
-0.236108,0
-0.154101,0
0.029429,0
0.261272,1
0.353279,1
0.191588,0
-0.003328,0
0.024901,0
0.054014,0
-0.138647,0
-0.299805,0
-0.240067,0
-0.098428,0
0.021170,0
0.113116,0
0.173244,0
0.228891,0
0.235724,0
0.157526,0
0.080580,0
-0.006284,0
-0.142964,0
-0.225321,0
-0.206888,0
-0.135487,0
-0.016577,0
0.142494,0
0.313166,1
0.415726,1
0.317459,0
0.125624,0
0.055155,0
0.001289,0
-0.123096,0
-0.185167,0
-0.157228,0
-0.065096,0
0.088333,0
0.183523,0
0.168676,0
0.215603,0
0.258970,0
0.074677,0
-0.121191,0
-0.146263,0
-0.181894,0
-0.206659,0
-0.027168,0
0.240856,0
0.319351,0
0.241333,0
0.147804,0
0.053751,0
0.023363,0
-0.018578,0
-0.184490,0
-0.289082,0
-0.164364,0
0.057795,0
0.198400,0
0.214016,0
0.114635,0
0.041090,0
0.071047,0
0.036053,0
-0.058323,0
-0.108470,0
-0.178803,0
-0.232560,0
-0.131485,0
0.049577,0
0.091812,0
-0.000579,0
-0.076174,0
-0.030961,0
0.100138,0
0.096607,0
-0.044981,0
-0.139748,0
-0.190598,0
-0.183825,0
-0.033184,0
0.131480,1
0.144845,0
0.128289,0
0.132488,0
0.050364,0
-0.005739,0
0.003084,0
-0.075803,0
-0.188638,0
-0.160094,0
-0.032322,0
0.046165,0
0.053398,0
0.026201,0
0.049639,0
0.097941,0
0.043027,0
-0.022282,0
-0.045129,0
-0.088566,0
-0.082620,0
-0.022845,0
0.021039,0
0.088575,0
0.191683,1
0.194522,1
0.104254,0
0.064940,0
0.038419,0
-0.005922,0
-0.053306,0
-0.153538,0
-0.215845,0
-0.096401,0
0.103456,0
0.173397,1
0.113051,0
0.004177,0
-0.037886,0
0.054677,0
0.076032,0
-0.033540,0
-0.120399,0
-0.162208,0
-0.153361,0
-0.064348,0
0.047821,0
0.075345,0
0.087258,0
0.147898,0
0.116239,0
0.026347,0
-0.017411,0
-0.062387,0
-0.113552,0
-0.136604,0
-0.130063,0
-0.084742,0
-0.012590,0
-0.002272,0
0.006707,0
0.078748,1
0.035704,0
-0.072054,0
-0.059326,0
-0.046721,0
-0.144156,0
-0.175017,0
-0.049856,0
0.013514,0
-0.042098,0
-0.060550,0
0.000220,0
0.049356,1
-0.009443,0
-0.077038,0
-0.089451,0
-0.095532,0
-0.043839,0
0.020265,0
0.000503,0
-0.017739,0
0.100537,1
0.174537,1
-0.001494,0
-0.117654,0
-0.004581,0
0.049229,0
-0.007966,0
0.006529,0
0.042372,0
0.006516,0
0.040178,0
0.087709,1
0.006459,0
-0.038417,0
-0.017941,0
-0.044413,0
-0.047374,0
0.044213,0
0.098083,1
0.024287,0
0.009396,0
0.118621,1
0.196368,1
0.123268,0
-0.041288,0
-0.078093,0
-0.005783,0
0.036393,0
0.043795,0
0.009511,0
-0.011320,0
0.052132,0
0.141457,1
0.088788,0
-0.040696,0
-0.000196,0
0.085379,0
0.036902,0
-0.040764,0
-0.060875,0
-0.056094,0
-0.048859,0
0.018461,0
0.074698,0
0.059372,0
0.053455,0
0.026248,0
-0.001007,0
0.009326,0
-0.030382,0
-0.128691,0
-0.165319,0
-0.053986,0
0.047781,0
0.024950,0
-0.007131,0
0.011044,0
0.061797,0
0.065234,0
-0.003874,0
-0.058739,0
-0.062373,0
-0.031158,0
0.003071,0
0.058306,0
0.058814,0
-0.036682,0
-0.043373,0
0.000170,0
-0.047443,0
-0.084890,0
-0.050026,0
-0.031559,0
-0.036345,0
0.031269,0
0.067030,1
0.012986,0
0.010861,0
-0.001986,0
-0.100904,0
-0.201190,0
-0.182848,0
-0.021947,0
0.091055,0
0.063935,0
-0.004704,0
0.001821,0
0.058050,0
0.009037,0
-0.095053,0
-0.136664,0
-0.096635,0
-0.002765,0
0.038677,0
0.028721,0
0.022922,0
0.045925,0
0.066025,0
0.014864,0
-0.016357,0
-0.005694,0
-0.012979,0
0.009419,0
0.050283,0
0.044072,0
-0.019452,0
-0.037060,0
0.008314,0
0.028143,0
0.056004,0
0.042711,0
-0.026398,0
0.004554,0
0.091450,1
0.047359,0
-0.080981,0
-0.089940,0
-0.022010,0
0.006258,0
0.033009,0
0.022649,0
-0.014219,0
-0.008830,0
0.014325,0
0.031556,0
0.039598,0
0.036826,0
0.001719,0
-0.008543,0
0.049580,1
0.071777,1
0.010609,0
-0.070956,0
-0.050698,0
0.053179,0
0.065597,0
-0.006372,0
-0.021536,0
0.033123,0
0.037359,0
0.016808,0
0.040439,0
0.014903,0
-0.000842,0
0.068163,1
0.091172,1
0.014896,0
-0.050887,0
-0.032899,0
0.002431,0
0.003205,0
-0.028576,0
-0.050314,0
-0.025239,0
0.003734,0
0.042380,1
0.062211,1
0.011264,0
-0.060478,0
-0.092265,0
-0.059919,0
-0.020335,0
-0.043362,0
-0.113702,0
-0.119706,0
-0.035327,0
0.016465,1
0.040777,1
0.058909,1
0.030514,0
0.016853,0
0.038050,0
0.012488,0
-0.057181,0
-0.047907,0
0.024413,0
0.068846,0
0.094081,1
0.076912,0
0.031388,0
0.015944,0
0.050233,0
0.100395,0
0.112627,0
0.090566,0
0.030312,0
-0.037265,0
-0.049543,0
0.021757,0
0.094074,0
0.038934,0
-0.043430,0
-0.033387,0
0.043102,0
0.129584,1
0.132033,1
0.041595,0
-0.056817,0
-0.108015,0
-0.136769,0
-0.125814,0
-0.038147,0
0.017830,0
-0.006790,0
-0.022511,0
0.027864,0
0.081354,1
0.067067,0
0.028221,0
-0.023795,0
-0.083179,0
-0.127845,0
-0.152792,0
-0.125736,0
-0.074159,0
-0.013281,0
0.021319,0
-0.017197,0
-0.045874,0
-0.023314,0
-0.017906,0
-0.082941,0
-0.144879,0
-0.122453,0
-0.052963,0
0.017328,0
0.027627,0
0.001016,0
0.020993,0
0.042994,0
0.000739,0
-0.064853,0
-0.074531,0
-0.060343,0
-0.059792,0
-0.036799,0
0.009372,0
0.060825,1
0.093472,1
0.121157,1
0.115249,0
0.031243,0
-0.033275,0
-0.020226,0
-0.002506,0
-0.038974,0
-0.066719,0
-0.057958,0
-0.067767,0
-0.027245,0
0.071865,1
0.136561,1
0.151153,1
0.110162,0
0.042526,0
0.019554,0
0.029234,0
-0.024514,0
-0.092775,0
-0.082564,0
-0.073040,0
-0.040442,0
0.087480,0
0.182838,1
0.140584,0
0.081924,0
0.121737,0
0.107672,0
-0.070747,0
-0.240427,0
-0.218571,0
-0.069791,0
0.038720,0
0.103676,0
0.112580,0
0.045315,0
0.051094,0
0.139080,0
0.096364,0
-0.103109,0
-0.214589,0
-0.168041,0
-0.091651,0
-0.017672,0
0.010994,0
0.003147,0
0.070532,0
0.168840,1
0.129347,0
-0.022351,0
-0.086701,0
-0.078140,0
-0.138508,0
-0.204991,0
-0.137716,0
0.015369,0
0.118673,0
0.187779,1
0.208159,1
0.104259,0
-0.022424,0
-0.034543,0
0.021826,0
-0.006764,0
-0.092753,0
-0.112269,0
-0.060236,0
0.058912,0
0.174790,1
0.193030,1
0.137695,0
0.063889,0
0.003618,0
-0.018603,0
-0.013422,0
-0.035689,0
-0.079230,0
-0.117345,0
-0.122898,0
-0.031096,0
0.101967,1
0.148938,1
0.058604,0
-0.056024,0
-0.010744,0
0.126306,0
0.140021,0
0.032665,0
-0.076142,0
-0.200949,0
-0.267028,0
-0.142260,0
-0.000851,0
-0.011513,0
-0.053978,0
0.001053,0
0.097807,1
0.111192,0
0.019235,0
-0.096394,0
-0.135616,0
-0.129376,0
-0.134058,0
-0.087001,0
-0.005163,0
0.037674,0
0.058961,0
0.117883,1
0.177096,1
0.133797,0
0.017190,0
-0.087815,0
-0.159066,0
-0.195704,0
-0.162044,0
-0.053618,0
0.041292,0
0.110988,0
0.201576,1
0.265995,1
0.211945,0
0.080874,0
0.018028,0
-0.040954,0
-0.207736,0
-0.310386,0
-0.196700,0
-0.038564,0
0.018109,0
0.110444,0
0.250245,1
0.260079,1
0.163626,0
0.126136,0
0.146169,0
0.063038,0
-0.147856,0
-0.296576,0
-0.244385,0
-0.105402,0
-0.027579,0
0.035652,0
0.102895,0
0.113849,0
0.107239,0
0.133696,0
0.102100,0
-0.090646,0
-0.309580,0
-0.346166,0
-0.202436,0
-0.053330,0
-0.018003,0
-0.005303,0
0.063612,0
0.131752,0
0.171022,0
0.168063,0
0.103684,0
0.022573,0
-0.044783,0
-0.137751,0
-0.182752,0
-0.089395,0
0.011233,0
0.067253,0
0.177833,0
0.261398,1
0.202614,0
0.086991,0
0.008072,0
-0.063284,0
-0.161058,0
-0.232345,0
-0.187712,0
-0.109010,0
-0.100784,0
-0.022168,0
0.166686,1
0.281264,1
0.246561,1
0.151378,0
0.105191,0
0.099163,0
0.017477,0
-0.137875,0
-0.214524,0
-0.196634,0
-0.145030,0
-0.020918,0
0.099593,0
0.127291,0
0.156008,0
0.197397,0
0.140339,0
0.013390,0
-0.097941,0
-0.199232,0
-0.270839,0
-0.268763,0
-0.163895,0
-0.012060,0
0.043191,0
0.051139,0
0.138467,1
0.233708,1
0.233901,0
0.140066,0
0.013418,0
-0.079890,0
-0.143220,0
-0.237026,0
-0.290799,0
-0.188683,0
-0.021498,0
0.127064,0
0.248067,1
0.246304,1
0.159723,0
0.138079,0
0.118307,0
-0.008120,0
-0.161220,0
-0.257083,0
-0.246331,0
-0.115590,0
0.036917,0
0.163336,0
0.238901,0
0.226253,0
0.184757,0
0.120576,0
-0.010603,0
-0.120500,0
-0.149652,0
-0.204931,0
-0.257807,0
-0.163973,0
-0.007972,0
0.093562,0
0.154358,1
0.157524,0
0.091089,0
-0.003253,0
-0.108246,0
-0.209251,0
-0.231735,0
-0.176128,0
-0.103228,0
-0.027592,0
0.007230,0
0.028901,0
0.132911,1
0.265833,1
0.276173,1
0.163368,0
0.060725,0
-0.017757,0
-0.122397,0
-0.189832,0
-0.147750,0
-0.091473,0
-0.117847,0
-0.082125,0
0.086220,0
0.207932,1
0.198625,1
0.140627,0
0.104670,0
0.079277,0
0.002277,0
-0.107171,0
-0.142167,0
-0.129364,0
-0.134885,0
-0.084338,0
0.020486,0
0.098652,0
0.129633,1
0.131163,0
0.133653,0
0.084229,0
-0.068443,0
-0.199223,0
-0.196830,0
-0.163725,0
-0.152499,0
-0.096015,0
-0.041662,0
-0.014491,0
0.046723,0
0.128683,1
0.168721,1
0.126472,0
0.006973,0
-0.116532,0
-0.154168,0
-0.134168,0
-0.125319,0
-0.110145,0
-0.057890,0
0.021092,0
0.083654,0
0.152742,1
0.221733,1
0.150862,0
-0.027215,0
-0.084030,0
-0.013590,0
-0.031926,0
-0.130119,0
-0.133291,0
-0.049465,0
0.039416,0
0.107528,0
0.167641,1
0.194841,1
0.119534,0
0.005524,0
-0.027027,0
-0.003006,0
-0.029336,0
-0.106124,0
-0.127272,0
-0.053279,0
0.037580,0
0.073936,0
0.097483,1
0.125156,1
0.114944,0
0.086823,0
0.049785,0
-0.017317,0
-0.064250,0
-0.024975,0
0.010926,0
-0.025948,0
-0.034882,0
-0.018182,0
-0.022241,0
0.017945,0
0.086029,1
0.072084,1
-0.008040,0
-0.047012,0
-0.064551,0
-0.090273,0
-0.068815,0
-0.000120,0
0.043260,0
0.018905,0
0.027765,0
0.119068,1
0.154629,1
0.067080,0
-0.042209,0
-0.076891,0
-0.097573,0
-0.141177,0
-0.119691,0
-0.041984,0
0.037290,0
0.103585,0
0.116899,1
0.075967,0
0.039072,0
-0.004343,0
-0.085773,0
-0.105839,0
-0.046065,0
0.010324,0
0.076486,0
0.133711,0
0.159727,1
0.146931,0
0.032694,0
-0.119633,0
-0.141666,0
-0.033795,0
-0.011600,0
-0.122391,0
-0.142091,0
-0.011189,0
0.107891,0
0.118149,1
0.075169,0
0.038990,0
-0.002709,0
-0.042164,0
-0.083493,0
-0.112316,0
-0.087508,0
-0.017698,0
0.069012,0
0.095587,0
0.053842,0
0.053597,0
0.079695,0
0.004160,0
-0.096440,0
-0.034241,0
0.039432,0
-0.036181,0
-0.058114,0
0.023270,0
0.029955,0
-0.023368,0
-0.014392,0
0.004266,0
-0.024103,0
0.002778,0
0.006871,0
-0.125755,0
-0.182896,0
-0.035589,0
0.097055,1
0.057830,0
0.010427,0
0.048889,0
0.033243,0
-0.031081,0
-0.063413,0
-0.086082,0
-0.094812,0
-0.063392,0
0.001524,0
0.065025,1
0.112947,1
0.120551,1
0.061948,0
-0.020267,0
-0.077631,0
-0.056641,0
0.005753,0
0.005416,0
-0.015443,0
0.001887,0
0.024052,0
0.022075,0
0.002401,0
-0.039909,0
-0.094206,0
-0.056645,0
0.028934,0
-0.015221,0
-0.104321,0
-0.057511,0
0.045811,0
0.055840,0
0.012793,0
-0.014050,0
-0.049643,0
-0.088802,0
-0.103763,0
-0.091428,0
-0.057719,0
0.004979,0
0.069162,1
0.065722,1
0.037338,0
0.025568,0
-0.011611,0
-0.030313,0
0.006530,0
0.069513,0
0.121044,1
0.099373,0
-0.002130,0
-0.089362,0
-0.044216,0
0.073002,0
0.068594,0
-0.039482,0
-0.051387,0
0.082137,0
0.153531,1
0.019297,0
-0.122680,0
-0.075015,0
0.020162,0
0.006948,0
-0.007109,0
0.008482,0
-0.044657,0
-0.080417,0
-0.031155,0
0.023991,0
0.060970,1
0.065672,0
0.015702,0
-0.027513,0
-0.003178,0
0.025132,0
-0.014655,0
-0.058675,0
-0.018127,0
0.116775,1
0.243551,1
0.213656,1
0.043970,0
-0.089783,0
-0.087075,0
-0.031395,0
-0.021833,0
-0.034467,0
-0.013375,0
0.085722,0
0.220572,1
0.206965,1
0.035378,0
-0.056591,0
-0.041653,0
-0.088822,0
-0.164861,0
-0.152145,0
-0.081966,0
0.003141,0
0.106537,0
0.169498,1
0.170830,1
0.128014,0
-0.029922,0
-0.225398,0
-0.247740,0
-0.143184,0
-0.065022,0
0.016853,0
0.120145,0
0.163540,0
0.169508,0
0.153373,0
0.023361,0
-0.135099,0
-0.165112,0
-0.129311,0
-0.108740,0
-0.060581,0
0.027529,0
0.130956,0
0.248316,1
0.256356,1
0.065722,0
-0.108486,0
-0.134004,0
-0.151899,0
-0.185565,0
-0.121394,0
0.032574,0
0.166199,0
0.226481,0
0.197912,0
0.047741,0
-0.157402,0
-0.266289,0
-0.235064,0
-0.155345,0
-0.085628,0
0.018464,0
0.188012,0
0.359141,1
0.357429,1
0.102663,0
-0.185271,0
-0.283052,0
-0.216148,0
-0.119086,0
-0.076849,0
-0.024871,0
0.156714,0
0.333540,1
0.212896,0
-0.069086,0
-0.134865,0
-0.109507,0
-0.234396,0
-0.302898,0
-0.186569,0
-0.070856,0
0.049936,0
0.253267,1
0.288540,1
0.115269,0
0.048347,0
0.003860,0
-0.226950,0
-0.384563,0
-0.282482,0
-0.106153,0
0.055363,0
0.222151,0
0.277303,0
0.209297,0
0.117421,0
-0.040914,0
-0.235428,0
-0.319117,0
-0.280066,0
-0.196941,0
-0.069688,0
0.132164,0
0.282298,1
0.274739,0
0.177567,0
0.019448,0
-0.149715,0
-0.235086,0
-0.242960,0
-0.158040,0
0.036313,0
0.203397,0
0.235699,0
0.238099,0
0.236492,0
0.074072,0
-0.161527,0
-0.230950,0
-0.186657,0
-0.154530,0
-0.044694,0
0.169256,0
0.318785,0
0.348698,0
0.288138,0
0.096587,0
-0.121106,0
-0.220272,0
-0.256138,0
-0.264653,0
-0.157962,0
0.056067,0
0.239532,0
0.302395,0
0.232374,0
0.064152,0
-0.095864,0
-0.172769,0
-0.216763,0
-0.289413,0
-0.305135,0
-0.135085,0
0.151576,0
0.319387,1
0.272018,0
0.184611,0
0.127154,0
-0.037871,0
-0.216454,0
-0.257919,0
-0.266351,0
-0.259594,0
-0.135457,0
0.052683,0
0.211098,0
0.313459,1
0.275407,0
0.095578,0
-0.039368,0
-0.108462,0
-0.237428,0
-0.332132,0
-0.269704,0
-0.146303,0
-0.035608,0
0.101295,0
0.219914,1
0.244166,1
0.183606,0
0.073076,0
-0.062139,0
-0.215598,0
-0.306005,0
-0.214930,0
-0.046621,0
0.033356,0
0.107799,0
0.249002,1
0.287678,1
0.187977,0
0.104059,0
-0.011265,0
-0.186420,0
-0.241240,0
-0.168879,0
-0.101965,0
-0.013582,0
0.119221,0
0.204908,0
0.265228,1
0.302025,1
0.173956,0
-0.051790,0
-0.168306,0
-0.160345,0
-0.113535,0
-0.042280,0
0.069433,0
0.195045,0
0.288675,0
0.261604,0
0.119659,0
0.008942,0
-0.091303,0
-0.217485,0
-0.235752,0
-0.156122,0
-0.054874,0
0.136612,0
0.317072,1
0.229498,0
0.020248,0
-0.025272,0
-0.045486,0
-0.146196,0
-0.190981,0
-0.181704,0
-0.144855,0
-0.029030,0
0.083918,0
0.122911,1
0.195988,1
0.230560,1
0.059341,0
-0.097637,0
-0.068876,0
-0.091503,0
-0.223068,0
-0.199402,0
0.001678,0
0.161848,0
0.202291,0
0.112631,0
0.001810,0
0.048958,0
0.100451,0
-0.040062,0
-0.217854,0
-0.202950,0
-0.027046,0
0.089998,0
0.074953,0
0.012844,0
0.009853,0
0.076927,0
0.075499,0
-0.019295,0
-0.114979,0
-0.159800,0
-0.101433,0
0.049864,0
0.162514,1
0.124926,0
0.069931,0
0.105701,0
0.051584,0
-0.097565,0
-0.155181,0
-0.127933,0
-0.060190,0
0.074611,0
0.179637,0
0.115018,0
0.027464,0
0.067834,0
0.071891,0
-0.025527,0
-0.131131,0
-0.174963,0
-0.071332,0
0.119105,0
0.184855,1
0.066140,0
-0.009257,0
0.048504,0
0.038903,0
-0.046994,0
-0.099750,0
-0.101581,0
-0.036131,0
0.036577,0
0.037290,0
-0.046329,0
-0.082976,0
0.027306,0
0.102870,1
0.024754,0
-0.102906,0
-0.113113,0
0.037461,0
0.124491,1
0.029696,0
-0.090360,0
-0.075586,0
0.024613,0
0.028190,0
-0.037346,0
-0.079170,0
-0.100621,0
-0.066728,0
-0.003139,0
0.037858,0
0.052089,0
0.076482,0
0.111375,1
0.082588,0
0.034536,0
0.007115,0
-0.056991,0
-0.105116,0
-0.034882,0
0.084856,0
0.108093,0
0.093952,0
0.081530,0
0.017994,0
-0.018884,0
-0.070673,0
-0.146324,0
-0.093431,0
0.025028,0
0.054934,0
0.008180,0
-0.010488,0
-0.015383,0
-0.049054,0
-0.042735,0
-0.041761,0
-0.087673,0
-0.110967,0
-0.075903,0
-0.019680,0
-0.036916,0
-0.069207,0
-0.021674,0
0.054521,1
0.066800,1
-0.017987,0
-0.021240,0
0.108098,1
0.123127,1
-0.012902,0
-0.055534,0
0.059602,0
0.087623,0
0.009293,0
-0.003183,0
-0.022260,0
-0.028322,0
0.040841,0
0.045360,0
-0.051148,0
-0.115842,0
-0.047723,0
0.040272,0
0.053984,0
0.054524,0
0.031679,0
0.019710,0
0.014612,0
-0.056700,0
-0.117636,0
-0.104011,0
-0.047641,0
-0.031332,0
-0.052202,0
-0.026230,0
-0.007440,0
-0.023248,0
-0.021724,0
0.008930,0
0.034934,1
0.008277,0
0.004914,0
0.096292,1
0.192337,1
0.125207,0
-0.062244,0
-0.103679,0
-0.025784,0
0.000749,0
0.009696,0
0.031304,0
0.057440,0
0.083801,0
0.108320,0
0.059822,0
-0.072564,0
-0.094940,0
-0.016513,0
-0.025312,0
-0.077722,0
-0.023763,0
0.088828,0
0.116316,0
0.084298,0
0.021803,0
-0.044260,0
-0.027601,0
-0.008442,0
-0.023832,0
-0.032877,0
-0.074241,0
-0.115978,0
-0.091189,0
0.002100,0
0.040569,1
-0.027306,0
-0.071824,0
-0.053075,0
0.006500,0
0.034283,0
-0.017085,0
-0.025127,0
0.032709,0
0.033573,0
-0.025567,0
0.016907,0
0.117408,1
0.059577,0
-0.035259,0
-0.011639,0
0.010923,0
-0.014951,0
0.007496,0
0.061918,0
0.026503,0
0.000947,0
0.056509,0
0.040170,0
-0.008807,0
-0.013002,0
-0.047285,0
-0.120019,0
-0.129011,0
-0.027148,0
0.046345,0
0.044397,0
0.032083,0
0.003186,0
-0.009572,0
-0.014045,0
-0.016109,0
0.001265,0
-0.005316,0
-0.009581,0
0.017961,0
0.058611,1
0.050970,1
-0.027120,0
-0.073800,0
-0.079737,0
-0.080991,0
-0.065725,0
-0.033384,0
0.030404,0
0.083461,1
0.082947,0
0.037633,0
0.009466,0
0.027761,0
0.011571,0
-0.032941,0
-0.057490,0
-0.025221,0
0.069473,0
0.090346,0
0.017152,0
-0.021509,0
0.019771,0
0.061677,0
0.034319,0
0.000321,0
-0.003270,0
0.013389,0
0.014618,0
-0.038744,0
-0.066321,0
-0.038065,0
0.007408,0
0.037516,0
0.020179,0
-0.005080,0
-0.021262,0
-0.003518,0
0.035452,0
0.013544,0
-0.029325,0
-0.037061,0
-0.011418,0
0.004323,0
-0.014091,0
-0.013510,0
-0.010551,0
0.009761,0
0.050007,1
0.018996,0
-0.026738,0
-0.005199,0
0.022074,0
-0.023722,0
-0.078764,0
-0.044094,0
0.002526,0
0.011895,0
0.017172,0
0.010969,0
-0.002348,0
-0.015475,0
-0.010112,0
-0.015837,0
-0.028676,0
0.019140,0
0.071111,1
0.064318,1
0.031582,0
0.041481,0
0.070269,0
0.014426,0
-0.049069,0
-0.042674,0
-0.036134,0
-0.035111,0
-0.000130,0
0.059665,0
0.087448,1
0.082182,0
0.042289,0
-0.038278,0
-0.036474,0
0.029303,0
0.009798,0
-0.060739,0
-0.036027,0
0.100454,0
0.173333,1
0.130416,0
0.065027,0
-0.013804,0
-0.079216,0
-0.098073,0
-0.092086,0
-0.096667,0
-0.088288,0
-0.011996,0
0.074451,0
0.112937,1
0.080884,0
0.002973,0
-0.019468,0
-0.008022,0
-0.020793,0
-0.064776,0
-0.116077,0
-0.082153,0
0.004464,0
0.030440,0
-0.000409,0
0.005179,0
0.080161,1
0.125137,1
0.068074,0
-0.077902,0
-0.196653,0
-0.140872,0
0.038079,0
0.138423,0
0.046409,0
-0.049464,0
0.049934,0
0.162555,0
0.097014,0
-0.072337,0
-0.174404,0
-0.131693,0
-0.021558,0
0.056039,0
0.021197,0
-0.066179,0
-0.036260,0
0.075197,0
0.069006,0
-0.083418,0
-0.165171,0
-0.110021,0
-0.072810,0
-0.050827,0
0.013731,0
0.057898,0
0.046883,0
0.036170,0
0.030483,0
-0.033173,0
-0.087679,0
-0.096383,0
-0.134361,0
-0.104671,0
0.070103,0
0.184434,1
0.092240,0
-0.026510,0
-0.032928,0
-0.027939,0
-0.054654,0
-0.097804,0
-0.148280,0
-0.106678,0
0.066434,0
0.216527,1
0.192283,1
0.112172,0
0.108128,0
0.066971,0
-0.041918,0
-0.100933,0
-0.069430,0
-0.010360,0
0.019786,0
0.044580,0
0.067054,0
0.083855,0
0.093998,0
0.060742,0
-0.014080,0
-0.096608,0
-0.118789,0
-0.082939,0
-0.057732,0
-0.014460,0
0.053893,0
0.105973,0
0.122151,1
0.078233,0
-0.010465,0
-0.081502,0
-0.068660,0
-0.032120,0
-0.051820,0
-0.042811,0
0.037637,0
0.128629,1
0.157661,1
0.092144,0
0.010501,0
-0.035836,0
-0.075135,0
-0.137481,0
-0.187254,0
-0.117726,0
0.056534,0
0.180109,1
0.157673,0
0.065781,0
0.020170,0
0.000581,0
-0.045554,0
-0.172958,0
-0.364955,0
-0.345288,0
-0.002791,0
0.269790,1
0.222903,0
0.134417,0
0.155938,0
0.088834,0
-0.064669,0
-0.154652,0
-0.189390,0
-0.157898,0
-0.022481,0
0.120542,0
0.163524,0
0.147987,0
0.125848,0
0.063747,0
-0.027170,0
-0.106172,0
-0.135218,0
-0.089056,0
0.001088,0
0.105418,0
0.193014,1
0.229002,1
0.175505,0
0.047719,0
-0.032866,0
-0.045477,0
-0.043478,0
-0.033102,0
-0.031440,0
0.033459,0
0.159892,0
0.178410,1
0.069659,0
-0.011235,0
-0.002594,0
-0.052501,0
-0.186997,0
-0.182080,0
-0.011559,0
0.129369,0
0.128863,0
0.024938,0
-0.067239,0
-0.053994,0
0.052979,0
0.022044,0
-0.217333,0
-0.299744,0
-0.109190,0
0.068798,0
0.106626,0
0.058146,0
-0.032818,0
-0.109796,0
-0.107255,0
-0.099571,0
-0.145064,0
-0.096731,0
0.066989,0
0.189986,1
0.184324,1
0.056474,0
-0.092013,0
-0.161843,0
-0.150361,0
-0.133522,0
-0.129035,0
-0.047512,0
0.086130,0
0.169352,0
0.180114,1
0.109040,0
-0.037056,0
-0.148823,0
-0.116124,0
-0.062100,0
-0.099957,0
-0.063113,0
0.100762,0
0.207755,1
0.154808,0
0.016118,0
-0.073472,0
-0.074432,0
-0.045615,0
-0.081979,0
-0.153126,0
-0.092551,0
0.073704,0
0.177267,1
0.161134,1
0.058347,0
-0.048014,0
-0.093884,0
-0.100190,0
-0.142138,0
-0.187266,0
-0.108522,0
0.043528,0
0.137724,0
0.164506,1
0.129723,0
0.026887,0
-0.056027,0
-0.035928,0
-0.040278,0
-0.119361,0
-0.073481,0
0.096748,0
0.208669,1
0.210532,1
0.113581,0
-0.030049,0
-0.141619,0
-0.209877,0
-0.213589,0
-0.074175,0
0.123121,0
0.183950,0
0.166433,0
0.185634,0
0.159563,0
0.058130,0
-0.025934,0
-0.055159,0
-0.104968,0
-0.152792,0
-0.044388,0
0.158230,0
0.250428,1
0.200416,0
0.095922,0
0.002646,0
-0.041373,0
-0.042757,0
-0.098619,0
-0.174080,0
-0.092932,0
0.088506,0
0.185703,0
0.171197,0
0.115227,0
0.063701,0
0.012652,0
-0.060795,0
-0.168428,0
-0.217153,0
-0.102368,0
0.073940,0
0.134728,0
0.080593,0
0.060218,0
0.101292,0
0.090423,0
-0.008649,0
-0.130014,0
-0.164925,0
-0.090339,0
0.015153,0
0.075880,0
0.047148,0
0.016454,0
0.050560,0
0.054679,0
-0.003284,0
-0.057785,0
-0.087870,0
-0.148297,0
-0.213432,0
-0.148314,0
0.015653,0
0.109149,1
0.089130,0
0.045460,0
0.021834,0
-0.022896,0
-0.082404,0
-0.140263,0
-0.178998,0
-0.118455,0
0.031900,0
0.137275,1
0.140118,0
0.122184,0
0.106508,0
0.028597,0
-0.081521,0
-0.139627,0
-0.122406,0
-0.081846,0
-0.054778,0
-0.012972,0
0.035876,0
0.086550,0
0.116110,1
0.073455,0
0.006376,0
-0.050662,0
-0.094388,0
-0.089733,0
-0.038372,0
0.017828,0
0.032723,0
0.061020,0
0.112574,1
0.056516,0
-0.071287,0
-0.107277,0
-0.051766,0
-0.032719,0
-0.049598,0
-0.020769,0
-0.000447,0
0.027339,0
0.122524,1
0.120735,1
-0.068741,0
-0.195188,0
-0.073520,0
0.036946,0
-0.050497,0
-0.094766,0
0.008026,0
0.100787,0
0.109288,0
0.074614,0
0.056375,0
0.021508,0
-0.053985,0
-0.099480,0
-0.073368,0
0.015639,0
0.114493,0
0.153963,0
0.101500,0
0.019585,0
-0.001259,0
-0.017616,0
-0.080346,0
-0.115439,0
-0.078697,0
-0.005347,0
0.047270,0
0.084427,0
0.103085,1
0.056904,0
-0.027175,0
-0.069658,0
-0.034361,0
-0.028834,0
-0.108631,0
-0.095703,0
0.050967,0
0.154781,1
0.153763,1
0.107280,0
0.033531,0
-0.043629,0
-0.049042,0
-0.036625,0
-0.092976,0
-0.103247,0
0.034102,0
0.178350,1
0.151389,0
0.044638,0
0.027386,0
0.057521,0
0.050957,0
0.013590,0
-0.037425,0
-0.102374,0
-0.128959,0
-0.060052,0
0.046826,0
0.108992,1
0.106044,0
0.086673,0
0.075008,0
0.033511,0
0.001040,0
0.008686,0
-0.000427,0
-0.052199,0
-0.064755,0
0.018005,0
0.072622,0
0.032879,0
0.003573,0
0.026551,0
0.015728,0
-0.045694,0
-0.051259,0
-0.049452,0
-0.125192,0
-0.137691,0
-0.023435,0
0.050096,0
-0.000726,0
-0.023895,0
0.017714,0
-0.005735,0
-0.048703,0
-0.066710,0
-0.106358,0
-0.115608,0
-0.050508,0
0.014866,0
0.008660,0
0.023595,0
0.079168,1
0.024700,0
-0.111684,0
-0.153145,0
-0.048903,0
0.028625,0
-0.024572,0
-0.050306,0
0.000290,0
0.042803,0
0.059067,0
0.041618,0
-0.001019,0
-0.040991,0
-0.018704,0
0.030290,0
-0.010192,0
-0.067009,0
-0.029498,0
0.034243,0
0.032492,0
-0.011682,0
-0.060048,0
-0.104889,0
-0.075616,0
-0.003789,0
-0.024262,0
-0.084561,0
-0.057781,0
0.014041,0
0.038744,1
0.039108,0
0.019083,0
-0.043483,0
-0.053501,0
-0.013452,0
-0.025144,0
-0.039028,0
0.005322,0
0.048805,0
0.048680,0
0.057339,0
0.072010,0
0.033599,0
0.019426,0
0.072547,0
0.113277,1
0.130223,1
0.123181,0
0.049598,0
-0.051434,0
-0.071809,0
-0.028263,0
-0.021082,0
-0.018066,0
0.035058,0
0.110739,0
0.176857,1
0.157019,0
0.006215,0
-0.123849,0
-0.071165,0
0.037478,0
0.016550,0
-0.025236,0
0.053994,0
0.176828,0
0.243340,1
0.195906,0
0.013920,0
-0.161062,0
-0.167553,0
-0.068055,0
-0.025107,0
-0.053288,0
-0.030478,0
0.100924,0
0.214738,1
0.141947,0
-0.070186,0
-0.187175,0
-0.137652,0
-0.090735,0
-0.109155,0
-0.061252,0
0.077635,0
0.181580,0
0.203970,1
0.131966,0
-0.057187,0
-0.202979,0
-0.164930,0
-0.088225,0
-0.091598,0
-0.055248,0
0.099240,0
0.237967,1
0.216827,0
0.051046,0
-0.128450,0
-0.192429,0
-0.152395,0
-0.120785,0
-0.135664,0
-0.112724,0
0.034952,0
0.206222,1
0.215905,1
0.065139,0
-0.097657,0
-0.157057,0
-0.122149,0
-0.084438,0
-0.084449,0
-0.070090,0
0.009197,0
0.120187,0
0.210535,1
0.216979,1
0.067144,0
-0.141626,0
-0.224568,0
-0.185582,0
-0.136485,0
-0.055782,0
0.132284,0
0.317268,1
0.319778,0
0.135649,0
-0.088123,0
-0.205415,0
-0.225131,0
-0.242208,0
-0.237864,0
-0.111179,0
0.128931,0
0.325245,1
0.378779,1
0.279475,0
0.041545,0
-0.199147,0
-0.312207,0
-0.300560,0
-0.211578,0
-0.087224,0
0.043656,0
0.142005,0
0.204647,0
0.250961,0
0.227093,0
0.060906,0
-0.214655,0
-0.410194,0
-0.388807,0
-0.227222,0
-0.048685,0
0.086974,0
0.197670,0
0.337348,1
0.467459,1
0.420083,0
0.121031,0
-0.213362,0
-0.371697,0
-0.370807,0
-0.276975,0
-0.134937,0
0.008757,0
0.151895,0
0.326963,0
0.415416,1
0.250996,0
-0.022678,0
-0.184513,0
-0.262230,0
-0.328208,0
-0.321898,0
-0.196134,0
-0.020066,0
0.161386,0
0.322362,1
0.337022,1
0.134167,0
-0.119002,0
-0.209853,0
-0.194257,0
-0.215789,0
-0.197890,0
-0.038013,0
0.179438,0
0.335453,1
0.418665,1
0.364701,0
0.072693,0
-0.245397,0
-0.303697,0
-0.230610,0
-0.218374,0
-0.126142,0
0.130038,0
0.355002,0
0.423420,0
0.335642,0
0.112927,0
-0.129091,0
-0.297595,0
-0.389679,0
-0.391628,0
-0.266483,0
0.002008,0
0.320904,0
0.498439,1
0.422176,0
0.154529,0
-0.142964,0
-0.317038,0
-0.329195,0
-0.281208,0
-0.234537,0
-0.102103,0
0.167759,0
0.400855,1
0.350698,0
0.096067,0
-0.073363,0
-0.170971,0
-0.322470,0
-0.383631,0
-0.236650,0
0.000125,0
0.202157,0
0.307646,0
0.228392,0
0.027139,0
-0.075591,0
-0.098927,0
-0.219450,0
-0.353710,0
-0.321339,0
-0.141695,0
0.124539,0
0.369215,1
0.349785,1
0.140620,0
0.043724,0
-0.022840,0
-0.197752,0
-0.319841,0
-0.285661,0
-0.156232,0
0.012348,0
0.185930,0
0.299692,1
0.329901,1
0.281595,0
0.101648,0
-0.158054,0
-0.337393,0
-0.367849,0
-0.242582,0
0.007948,0
0.229261,0
0.306105,0
0.337410,0
0.320539,0
0.112587,0
-0.149340,0
-0.273933,0
-0.300240,0
-0.208454,0
0.061361,0
0.299301,0
0.256676,0
0.139378,0
0.173021,0
0.097057,0
-0.162165,0
-0.297857,0
-0.237642,0
-0.068819,0
0.172367,0
0.302654,0
0.187410,0
0.091991,0
0.188387,0
0.145855,0
-0.157185,0
-0.342522,0
-0.251873,0
-0.098593,0
0.058203,0
0.231453,0
0.231752,0
0.118322,0
0.133783,0
0.111940,0
-0.104210,0
-0.267227,0
-0.224176,0
-0.100033,0
0.029192,0
0.168158,0
0.240629,0
0.227579,0
0.197500,0
0.147087,0
0.046627,0
-0.126919,0
-0.288767,0
-0.258730,0
-0.063557,0
0.097832,0
0.182777,0
0.302420,0
0.352116,0
0.185616,0
-0.001476,0
-0.131845,0
-0.305904,0
-0.345232,0
-0.149494,0
0.039343,0
0.128401,0
0.215198,0
0.190939,0
0.076385,0
0.073876,0
-0.015470,0
-0.300114,0
-0.382468,0
-0.140058,0
0.078318,0
0.146772,0
0.205744,0
0.174690,0
0.064966,0
0.072966,0
0.045314,0
-0.143907,0
-0.263632,0
-0.191962,0
-0.059494,0
0.028823,0
0.079032,0
0.087329,0
0.104741,0
0.108966,0
-0.000201,0
-0.103208,0
-0.145000,0
-0.179043,0
-0.114175,0
0.021289,0
0.078562,0
0.086551,0
0.168633,1
0.187491,1
0.025152,0
-0.054591,0
-0.030042,0
-0.135363,0
-0.227273,0
-0.127566,0
-0.019850,0
0.005718,0
0.098943,0
0.120563,1
-0.015550,0
0.011556,0
0.127602,0
0.002188,0
-0.195800,0
-0.157532,0
0.008016,0
0.052648,0
0.014981,0
-0.058894,0
-0.123242,0
-0.046215,0
0.017326,0
-0.057346,0
-0.122950,0
-0.102547,0
-0.035038,0
0.030712,0
0.070629,1
0.058155,0
0.062346,0
0.086975,0
-0.021087,0
-0.149446,0
-0.165907,0
-0.160011,0
-0.104731,0
0.048878,0
0.180964,1
0.150434,0
0.063722,0
0.013841,0
-0.086136,0
-0.102447,0
-0.016593,0
-0.057325,0
-0.153596,0
-0.079556,0
0.100695,0
0.100913,0
-0.008110,0
0.030066,0
0.056435,0
-0.018508,0
-0.041340,0
-0.011411,0
-0.010832,0
-0.046082,0
-0.027179,0
-0.000707,0
-0.011528,0
0.048613,1
0.097548,1
0.056554,0
-0.017671,0
-0.079538,0
-0.069030,0
-0.040560,0
-0.029849,0
-0.028943,0
-0.051039,0
-0.030046,0
0.010190,0
0.014704,1
-0.017744,0
-0.044712,0
0.008609,0
0.067048,1
0.070600,1
0.036966,0
0.011084,0
0.055444,0
0.066785,0
0.021855,0
-0.012518,0
-0.057564,0
-0.044080,0
0.055602,0
0.151653,1
0.121509,0
-0.006148,0
-0.053674,0
-0.066181,0
-0.056234,0
0.049639,0
0.115208,0
0.074742,0
0.022091,0
0.057286,0
0.071267,0
-0.058699,0
-0.123550,0
-0.060517,0
-0.022914,0
-0.017949,0
0.009759,0
0.055964,0
0.054469,0
0.044193,0
0.029864,0
-0.046235,0
-0.046165,0
0.044644,0
0.078130,0
0.028895,0
-0.027994,0
-0.013971,0
0.000306,0
-0.003653,0
0.017718,0
0.004683,0
0.014725,0
0.062069,0
0.035248,0
-0.073789,0
-0.129897,0
-0.026386,0
0.063871,0
0.031795,0
-0.015416,0
-0.027318,0
0.033804,0
0.088139,0
0.067297,0
0.047776,0
0.017225,0
-0.052198,0
-0.080088,0
-0.003386,0
0.042867,0
-0.005452,0
-0.020603,0
-0.039049,0
-0.063094,0
-0.013721,0
0.017405,0
-0.023813,0
-0.029827,0
0.036889,0
0.015707,0
-0.066476,0
-0.049438,0
-0.026554,0
-0.046245,0
-0.061578,0
-0.054231,0
0.011199,0
0.081541,1
0.089502,1
0.020563,0
-0.028342,0
0.003833,0
0.022295,0
0.008447,0
-0.054689,0
-0.126128,0
-0.071089,0
0.030416,0
0.017053,0
-0.057315,0
-0.034508,0
0.006146,0
-0.023351,0
0.011658,0
0.043826,0
0.003833,0
0.045846,0
0.118307,1
0.028534,0
-0.136929,0
-0.119519,0
0.002744,0
0.054350,0
0.114190,0
0.122160,0
0.038013,0
0.041976,0
0.119450,0
0.081987,0
-0.043929,0
-0.055404,0
0.005796,0
0.025522,0
0.059299,0
0.064707,0
0.036161,0
0.033819,0
0.015145,0
-0.022566,0
-0.015594,0
0.041767,0
0.020400,0
-0.055265,0
-0.014996,0
0.065464,1
0.080642,1
0.056258,0
0.048165,0
0.079236,0
0.069376,0
0.026937,0
0.015507,0
0.001363,0
-0.041104,0
-0.040427,0
0.008846,0
-0.032884,0
-0.068670,0
0.070178,1
0.202388,1
0.138020,0
-0.049920,0
-0.178466,0
-0.186060,0
-0.102796,0
0.023645,0
0.057985,0
0.017943,0
0.037328,0
0.058904,0
-0.035028,0
-0.173401,0
-0.202535,0
-0.167601,0
-0.123161,0
-0.018378,0
0.084705,0
0.154024,1
0.174210,1
0.099814,0
-0.003191,0
-0.102573,0
-0.192870,0
-0.220798,0
-0.145248,0
-0.018629,0
0.045636,0
0.096774,0
0.172785,1
0.164987,0
0.073338,0
0.003447,0
-0.023890,0
-0.089726,0
-0.151970,0
-0.138109,0
-0.108685,0
-0.043553,0
0.057548,0
0.111164,1
0.105145,0
0.066425,0
0.022094,0
-0.015500,0
-0.024601,0
-0.068854,0
-0.167052,0
-0.150329,0
-0.033057,0
0.015110,0
-0.003442,0
0.010213,0
0.042212,0
-0.006812,0
-0.119966,0
-0.210855,0
-0.201755,0
-0.089923,0
0.010536,0
0.053391,0
0.045995,0
0.040287,0
0.106278,0
0.127625,0
-0.006064,0
-0.135477,0
-0.094333,0
-0.028437,0
-0.046024,0
-0.015522,0
0.039416,0
0.048076,0
0.066885,0
0.113076,1
0.133254,1
0.061593,0
-0.036314,0
-0.089178,0
-0.112739,0
-0.076466,0
0.011548,0
0.098200,0
0.138139,0
0.113228,0
0.054046,0
-0.000851,0
-0.039079,0
-0.094865,0
-0.133120,0
-0.091249,0
0.004550,0
0.108148,0
0.171162,1
0.191813,1
0.169140,0
0.111572,0
0.085727,0
0.042809,0
-0.067760,0
-0.159610,0
-0.153301,0
-0.072622,0
0.006029,0
0.097655,0
0.197301,1
0.211623,1
0.150781,0
0.100391,0
0.044550,0
-0.078840,0
-0.185567,0
-0.186356,0
-0.122206,0
-0.010142,0
0.118202,0
0.167789,0
0.126817,0
0.105709,0
0.110257,0
0.014710,0
-0.137762,0
-0.216531,0
-0.203671,0
-0.122321,0
-0.000192,0
0.119260,0
0.159356,0
0.140143,0
0.145933,0
0.092469,0
-0.075851,0
-0.197785,0
-0.165977,0
-0.114437,0
-0.106942,0
-0.007205,0
0.130746,0
0.148165,0
0.101147,0
0.089726,0
0.061181,0
-0.066069,0
-0.223114,0
-0.313798,0
-0.298903,0
-0.163200,0
0.000426,0
0.110938,0
0.192675,0
0.222329,0
0.132186,0
-0.037135,0
-0.181346,0
-0.238269,0
-0.175813,0
-0.091267,0
-0.080994,0
-0.021684,0
0.132036,0
0.247136,1
0.243773,1
0.122015,0
-0.047661,0
-0.156675,0
-0.157917,0
-0.130341,0
-0.120138,0
-0.066641,0
0.010188,0
0.096514,0
0.207903,1
0.244498,1
0.181964,0
0.108472,0
-0.019825,0
-0.193195,0
-0.203334,0
-0.093575,0
-0.068514,0
-0.036337,0
0.097426,0
0.206775,1
0.216647,1
0.197714,0
0.161394,0
0.030309,0
-0.125359,0
-0.184160,0
-0.140343,0
-0.060698,0
-0.017615,0
0.054528,0
0.183933,0
0.237104,1
0.191108,0
0.104655,0
-0.032675,0
-0.165630,0
-0.165617,0
-0.080905,0
-0.022025,0
0.070626,0
0.188175,0
0.219393,0
0.162891,0
0.086169,0
0.018546,0
-0.051185,0
-0.127753,0
-0.204755,0
-0.210909,0
-0.129514,0
-0.058828,0
0.040875,0
0.181075,1
0.203668,1
0.102334,0
-0.000010,0
-0.097307,0
-0.191450,0
-0.177743,0
-0.110908,0
-0.113601,0
-0.073549,0
0.053372,0
0.144538,1
0.159139,1
0.130274,0
0.082065,0
-0.013990,0
-0.166037,0
-0.277393,0
-0.238838,0
-0.133438,0
-0.117050,0
-0.086405,0
0.057100,0
0.157302,1
0.134665,0
0.066344,0
-0.034819,0
-0.152410,0
-0.185151,0
-0.148403,0
-0.110709,0
-0.060244,0
-0.021658,0
0.030173,0
0.117256,1
0.151279,1
0.111072,0
0.024037,0
-0.095924,0
-0.161440,0
-0.105754,0
-0.052080,0
-0.085577,0
-0.070015,0
0.039277,0
0.153709,1
0.218649,1
0.185024,0
0.068764,0
-0.044616,0
-0.128364,0
-0.184723,0
-0.130617,0
-0.003556,0
0.030642,0
0.072816,0
0.242353,1
0.325566,1
0.191852,0
0.013837,0
-0.086033,0
-0.130522,0
-0.097690,0
-0.036931,0
-0.029728,0
-0.005756,0
0.059466,0
0.127987,0
0.186265,1
0.185056,1
0.126081,0
0.054992,0
-0.050725,0
-0.176000,0
-0.184227,0
-0.104477,0
-0.082441,0
-0.028801,0
0.102193,0
0.170779,1
0.164393,0
0.140399,0
0.073423,0
-0.025944,0
-0.089566,0
-0.132830,0
-0.136053,0
-0.058358,0
-0.030536,0
-0.063022,0
0.009815,0
0.142794,1
0.146736,1
0.039202,0
-0.041147,0
-0.082766,0
-0.082544,0
-0.058182,0
-0.063870,0
-0.053387,0
-0.022411,0
0.026072,0
0.103387,1
0.101643,1
0.001387,0
-0.058993,0
-0.066958,0
-0.109627,0
-0.104286,0
-0.031606,0
-0.011712,0
0.030815,0
0.126505,1
0.152450,1
0.116359,0
0.058604,0
-0.036622,0
-0.123705,0
-0.115831,0
-0.070200,0
-0.075834,0
-0.049805,0
0.046740,0
0.138031,1
0.170678,1
0.144332,0
0.084394,0
-0.010674,0
-0.113184,0
-0.163356,0
-0.129018,0
-0.052554,0
0.007421,0
0.080544,0
0.151634,0
0.164813,0
0.125406,0
0.046995,0
-0.049693,0
-0.119328,0
-0.099979,0
-0.034952,0
0.005849,0
0.052193,0
0.065318,0
0.048675,0
0.068864,0
0.063062,0
-0.011185,0
-0.071203,0
-0.045516,0
-0.024184,0
-0.057114,0
-0.039741,0
-0.005343,0
0.001137,0
0.040086,0
0.067638,1
0.020330,0
-0.042439,0
-0.051054,0
-0.071463,0
-0.115230,0
-0.096937,0
-0.059398,0
-0.008593,0
0.084920,1
0.115523,1
0.044403,0
-0.053452,0
-0.138953,0
-0.166153,0
-0.067230,0
0.028122,0
-0.037671,0
-0.089299,0
0.018653,0
0.136489,1
0.132019,1
0.038301,0
-0.059082,0
-0.104289,0
-0.036277,0
0.079731,0
0.069468,0
-0.031376,0
-0.076828,0
-0.039848,0
0.026676,0
0.024845,0
-0.076187,0
-0.129691,0
0.003197,0
0.182969,1
0.163716,1
-0.010002,0
-0.107909,0
-0.087118,0
-0.054741,0
-0.046929,0
-0.066679,0
-0.092986,0
-0.027075,0
0.092464,0
0.098527,1
0.047820,0
0.049487,0
-0.015373,0
-0.141680,0
-0.125789,0
0.000202,0
0.053633,0
0.091599,0
0.199652,1
0.229397,1
0.145586,0
0.091206,0
0.029132,0
-0.092535,0
-0.134398,0
-0.071242,0
-0.029125,0
0.011951,0
0.127994,0
0.234563,1
0.265571,1
0.222166,0
0.043856,0
-0.182454,0
-0.247606,0
-0.158700,0
-0.060831,0
0.020075,0
0.102341,0
0.139791,0
0.151206,0
0.151144,0
0.041321,0
-0.124609,0
-0.167618,0
-0.119765,0
-0.103110,0
-0.073068,0
0.049471,0
0.230014,1
0.351820,1
0.246713,0
-0.031566,0
-0.163454,0
-0.128934,0
-0.175140,0
-0.271827,0
-0.214834,0
-0.001593,0
0.214468,0
0.333988,1
0.267742,0
0.046490,0
-0.094236,0
-0.134024,0
-0.235718,0
-0.321074,0
-0.226503,0
0.007294,0
0.230066,0
0.339527,1
0.269720,0
0.065432,0
-0.106543,0
-0.195341,0
-0.269478,0
-0.339918,0
-0.316572,0
-0.135916,0
0.100302,0
0.246767,0
0.221661,0
0.090521,0
0.016775,0
-0.061781,0
-0.228745,0
-0.301395,0
-0.204948,0
-0.094400,0
-0.013140,0
0.123400,0
0.278183,1
0.337387,1
0.244678,0
0.027437,0
-0.145805,0
-0.190536,0
-0.242746,0
-0.298906,0
-0.192940,0
0.004093,0
0.118380,0
0.196486,0
0.225977,1
0.103449,0
-0.035250,0
-0.078152,0
-0.150032,0
-0.292358,0
-0.322916,0
-0.121153,0
0.128166,0
0.191202,0
0.131013,0
0.138615,0
0.162723,0
0.035839,0
-0.177350,0
-0.327942,0
-0.372469,0
-0.254345,0
-0.008759,0
0.161532,0
0.228863,0
0.325871,0
0.313519,0
0.066651,0
-0.145661,0
-0.200126,0
-0.284947,0
-0.352914,0
-0.209631,0
0.044424,0
0.205208,0
0.251595,0
0.215569,0
0.164531,0
0.131824,0
-0.013065,0
-0.247230,0
-0.347171,0
-0.270463,0
-0.148263,0
-0.048669,0
0.071912,0
0.280357,1
0.469243,1
0.368773,0
0.028795,0
-0.176739,0
-0.193928,0
-0.220318,0
-0.240171,0
-0.176674,0
-0.082308,0
0.017967,0
0.134485,0
0.232304,1
0.326698,1
0.355362,1
0.181023,0
-0.046766,0
-0.117905,0
-0.118010,0
-0.147337,0
-0.135452,0
-0.036983,0
0.110016,0
0.243927,0
0.261513,1
0.196102,0
0.172264,0
0.127670,0
0.024391,0
-0.064983,0
-0.145687,0
-0.186768,0
-0.114376,0
0.005184,0
0.083355,0
0.136189,0
0.141190,0
0.127232,0
0.150745,0
0.092106,0
-0.070023,0
-0.207325,0
-0.273872,0
-0.213776,0
-0.020386,0
0.141979,0
0.200100,0
0.233013,0
0.182613,0
0.061790,0
0.042297,0
0.005663,0
-0.178968,0
-0.285097,0
-0.168852,0
0.010244,0
0.100332,0
0.103575,0
0.081453,0
0.124716,0
0.170815,0
0.058126,0
-0.111937,0
-0.183008,0
-0.153559,0
-0.047934,0
0.050360,0
0.048700,0
0.012356,0
0.085520,0
0.157629,1
0.072624,0
-0.023012,0
-0.075573,0
-0.146334,0
-0.131054,0
-0.035641,0
0.010456,0
0.089014,0
0.253693,1
0.244175,1
0.061930,0
0.028370,0
0.073105,0
-0.007818,0
-0.103563,0
-0.097090,0
-0.049599,0
0.007969,0
0.088139,0
0.079089,0
0.014026,0
0.032308,0
0.040223,0
-0.010706,0
-0.077787,0
-0.143423,0
-0.095909,0
0.052480,0
0.097631,0
0.026161,0
0.051565,0
0.083912,0
-0.060517,0
-0.144502,0
-0.092122,0
-0.116338,0
-0.175267,0
-0.110112,0
0.034979,0
0.092475,0
0.052389,0
-0.034555,0
-0.119826,0
-0.077540,0
0.010231,0
-0.023268,0
-0.111310,0
-0.097581,0
0.009060,0
0.075306,1
0.073570,1
0.035901,0
0.042049,0
0.094870,0
0.042574,0
-0.060469,0
-0.084907,0
-0.076015,0
-0.075952,0
-0.044768,0
0.013629,0
-0.004152,0
-0.075740,0
-0.055004,0
0.083456,1
0.135530,1
-0.010899,0
-0.084292,0
-0.013426,0
-0.038048,0
-0.113965,0
-0.066978,0
0.020357,0
0.013890,0
-0.019295,0
-0.023033,0
0.012232,0
0.099305,1
0.121401,1
0.037184,0
-0.063215,0
-0.085405,0
-0.023140,0
-0.004446,0
-0.046162,0
-0.025392,0
0.087734,0
0.128673,1
0.016098,0
-0.077784,0
-0.056419,0
0.038055,0
0.096832,0
0.058182,0
0.029565,0
0.072476,0
0.119822,0
0.076427,0
0.018352,0
0.021200,0
-0.040900,0
-0.093147,0
-0.031336,0
0.003107,0
-0.020268,0
0.011920,0
0.090669,1
0.102666,1
0.055984,0
-0.014274,0
-0.078713,0
-0.056658,0
-0.006533,0
0.003577,0
-0.028804,0
-0.086483,0
-0.104370,0
-0.080680,0
-0.039631,0
-0.000131,0
0.022589,0
0.016536,0
0.017765,0
0.067657,1
0.064603,0
-0.015637,0
-0.072286,0
-0.058089,0
-0.011698,0
-0.014670,0
-0.050011,0
-0.061099,0
-0.017377,0
0.029078,0
0.006378,0
0.001272,0
0.038410,1
0.014323,0
-0.064367,0
-0.052358,0
0.051485,0
0.060004,0
-0.031813,0
-0.076194,0
-0.008523,0
0.066187,0
0.041458,0
-0.000960,0
-0.025917,0
-0.022711,0
0.039833,0
0.061006,0
-0.018942,0
-0.083213,0
-0.017943,0
0.071495,0
0.094038,1
0.086009,0
0.035271,0
-0.002205,0
0.010765,0
-0.001825,0
-0.057278,0
-0.059600,0
0.026828,0
0.075907,0
0.054569,0
0.051765,0
0.096030,1
0.107241,0
0.023834,0
-0.058982,0
-0.077969,0
-0.044574,0
-0.022925,0
-0.055750,0
-0.023605,0
0.073855,0
0.081788,0
-0.018529,0
-0.073014,0
-0.029481,0
-0.013336,0
-0.034695,0
-0.050654,0
-0.061431,0
-0.035745,0
0.013311,0
0.008802,0
-0.071119,0
-0.103905,0
-0.053706,0
-0.012883,0
-0.000656,0
-0.004504,0
-0.017771,0
-0.042552,0
-0.025947,0
0.037942,1
0.027624,0
-0.059793,0
-0.109900,0
-0.063424,0
-0.011936,0
-0.028719,0
-0.024753,0
0.015584,0
0.036144,0
0.034652,0
0.053417,0
0.087332,1
0.069286,0
0.018972,0
-0.030569,0
-0.073490,0
-0.092933,0
-0.075050,0
-0.017316,0
0.037156,0
0.065322,0
0.069431,0
0.095587,0
0.130126,1
0.070667,0
-0.011102,0
-0.009923,0
0.011135,0
-0.034503,0
-0.084452,0
-0.033049,0
0.027431,0
0.018825,0
-0.005504,0
-0.008928,0
0.019973,0
0.042605,0
0.020332,0
-0.029873,0
-0.030895,0
0.012817,0
0.021939,0
0.034023,0
0.064836,1
0.079873,1
0.082690,0
0.079607,0
0.056262,0
-0.010829,0
-0.062585,0
-0.049717,0
-0.012103,0
-0.019543,0
-0.059000,0
-0.034827,0
0.038171,0
0.114213,1
0.136546,1
0.063046,0
-0.013056,0
-0.063447,0
-0.110299,0
-0.130359,0
-0.100291,0
-0.019379,0
0.053592,0
0.092134,0
0.106561,0
0.099478,0
0.047797,0
-0.024590,0
-0.026455,0
0.011014,0
0.031278,0
0.003616,0
-0.078592,0
-0.080758,0
0.018908,0
0.077497,1
0.063919,0
0.080071,0
0.121231,1
0.054907,0
-0.067616,0
-0.093001,0
-0.043258,0
-0.025985,0
-0.023631,0
0.017509,0
0.035355,0
0.045619,0
0.057501,0
0.011241,0
0.006786,0
0.047651,0
-0.029305,0
-0.191909,0
-0.234567,0
-0.108822,0
0.033645,0
0.077415,0
0.031268,0
0.014908,0
0.069367,0
0.074228,0
-0.013030,0
-0.101986,0
-0.100359,0
-0.084369,0
-0.139692,0
-0.122472,0
0.027156,0
0.124647,1
0.046980,0
-0.062980,0
-0.044826,0
0.019301,0
-0.003946,0
-0.096131,0
-0.115726,0
-0.052653,0
-0.006728,0
0.057469,1
0.111801,1
0.088450,0
0.068438,0
0.085311,0
0.053912,0
-0.041348,0
-0.093146,0
-0.107581,0
-0.148636,0
-0.129748,0
-0.025886,0
0.058619,0
0.090059,0
0.125702,1
0.138794,0
0.049191,0
-0.082977,0
-0.144404,0
-0.095373,0
-0.030360,0
-0.039371,0
-0.020967,0
0.087180,0
0.188151,1
0.172400,1
0.075914,0
0.035629,0
0.016400,0
-0.082072,0
-0.188322,0
-0.171279,0
-0.057094,0
0.027460,0
0.077849,0
0.111099,0
0.098442,0
0.058720,0
0.009980,0
-0.044850,0
-0.084844,0
-0.075276,0
-0.063124,0
-0.080576,0
-0.036760,0
0.067925,0
0.155686,1
0.157889,1
0.069065,0
0.022166,0
0.009320,0
-0.108616,0
-0.245192,0
-0.211304,0
-0.067583,0
0.026959,0
0.094735,0
0.151799,0
0.154952,0
0.128335,0
0.089752,0
0.031824,0
-0.032179,0
-0.057421,0
-0.082566,0
-0.135529,0
-0.082200,0
0.070849,0
0.139125,0
0.102663,0
0.086549,0
0.093421,0
0.032309,0
-0.087671,0
-0.170997,0
-0.148151,0
-0.085388,0
-0.050646,0
0.000515,0
0.051128,0
0.081362,0
0.131341,1
0.194708,1
0.209238,0
0.107540,0
-0.051103,0
-0.116703,0
-0.068454,0
-0.047795,0
-0.089469,0
-0.070306,0
0.006924,0
0.086611,0
0.161705,1
0.159628,1
0.066958,0
-0.012717,0
-0.053367,0
-0.142116,0
-0.241872,0
-0.214414,0
-0.075270,0
0.062392,0
0.154389,0
0.211022,1
0.182283,0
0.034173,0
-0.116917,0
-0.189575,0
-0.236711,0
-0.261739,0
-0.180273,0
-0.028373,0
0.064033,0
0.126744,0
0.192515,1
0.159313,0
0.029470,0
-0.047889,0
-0.018880,0
-0.051977,0
-0.190520,0
-0.201832,0
-0.036190,0
0.094407,0
0.086556,0
0.056594,0
0.100113,0
0.120517,0
0.006586,0
-0.131222,0
-0.114917,0
-0.070194,0
-0.152209,0
-0.171688,0
-0.016901,0
0.129828,0
0.159511,1
0.158585,0
0.152986,0
0.052505,0
-0.122991,0
-0.237042,0
-0.207839,0
-0.096756,0
-0.000171,0
0.080085,0
0.150156,0
0.188491,0
0.177178,0
0.116191,0
0.041596,0
-0.013405,0
-0.054655,0
-0.134524,0
-0.206934,0
-0.117626,0
0.105927,0
0.245736,1
0.211652,0
0.152853,0
0.166286,0
0.152541,0
0.046789,0
-0.064438,0
-0.070808,0
-0.034670,0
-0.039618,0
-0.015810,0
0.050843,0
0.139548,0
0.232004,1
0.230003,1
0.113296,0
-0.003081,0
-0.029321,0
-0.018954,0
-0.048133,0
-0.142128,0
-0.251487,0
-0.180875,0
0.087365,0
0.275389,1
0.239302,1
0.105194,0
0.000772,0
-0.051439,0
-0.064956,0
-0.103121,0
-0.165878,0
-0.171960,0
-0.111685,0
-0.023994,0
0.026641,0
0.026237,0
0.041885,0
0.072695,0
0.036379,0
-0.052187,0
-0.078482,0
-0.079755,0
-0.144360,0
-0.190855,0
-0.128954,0
-0.019058,0
0.014658,0
0.002254,0
0.040138,0
0.068918,0
0.025831,0
-0.033815,0
-0.092857,0
-0.182625,0
-0.221865,0
-0.145624,0
-0.037409,0
0.016130,0
0.004525,0
0.006098,0
0.070893,0
0.115645,1
0.058820,0
-0.029220,0
-0.019538,0
0.006604,0
-0.077317,0
-0.144981,0
-0.067528,0
0.049146,0
0.081831,0
0.091336,0
0.120413,0
0.087960,0
-0.003281,0
-0.062941,0
-0.085811,0
-0.139047,0
-0.190197,0
-0.141025,0
-0.000007,0
0.109467,0
0.107390,0
0.091334,0
0.124622,0
0.111536,0
0.015894,0
-0.055757,0
-0.001852,0
0.044758,0
-0.043990,0
-0.085903,0
0.020683,0
0.128482,0
0.138085,0
0.084286,0
0.032447,0
0.023096,0
0.052139,0
0.008728,0
-0.115368,0
-0.136459,0
-0.014940,0
0.097934,0
0.086754,0
0.010579,0
-0.014389,0
0.010445,0
0.035659,0
0.018411,0
-0.031512,0
-0.066666,0
-0.060708,0
-0.012530,0
0.015882,0
0.019836,0
0.052259,0
0.080698,1
0.039489,0
-0.036901,0
-0.029099,0
-0.009917,0
-0.106480,0
-0.136542,0
0.017662,0
0.132652,1
0.067859,0
-0.011057,0
0.002372,0
0.015689,0
0.015021,0
-0.020321,0
-0.123452,0
-0.130767,0
0.020939,0
0.122547,1
0.075897,0
0.042935,0
0.069534,0
0.028483,0
-0.058446,0
-0.116486,0
-0.138453,0
-0.091573,0
0.035755,0
0.146513,1
0.124895,0
0.069695,0
0.092847,0
0.077928,0
-0.024073,0
-0.105296,0
-0.095555,0
-0.034130,0
0.026633,0
0.095861,0
0.151203,1
0.158258,0
0.103662,0
0.026604,0
0.007130,0
0.006612,0
-0.026739,0
-0.077056,0
-0.128321,0
-0.110772,0
-0.010133,0
0.069554,0
0.085641,0
0.106151,0
0.116203,0
0.038983,0
-0.057117,0
-0.097741,0
-0.109941,0
-0.098594,0
-0.030845,0
0.058015,0
0.071721,0
0.057812,0
0.077981,0
0.041854,0
-0.050520,0
-0.068318,0
0.019773,0
0.034451,0
-0.088650,0
-0.135648,0
-0.060056,0
-0.003219,0
0.010561,0
0.028660,0
0.047498,0
0.032043,0
0.002878,0
-0.053978,0
-0.151950,0
-0.160257,0
-0.019118,0
0.102924,0
0.055760,0
-0.041658,0
-0.040619,0
-0.005452,0
-0.007108,0
-0.054442,0
-0.106048,0
-0.068694,0
0.040189,0
0.100650,1
0.074697,0
0.054417,0
0.053646,0
0.005181,0
-0.054089,0
-0.079465,0
-0.053281,0
0.021724,0
0.057115,0
-0.026464,0
-0.161937,0
-0.149526,0
0.012869,0
0.084610,1
0.007462,0
-0.040343,0
0.046308,0
0.082476,0
-0.110406,0
-0.233478,0
-0.008067,0
0.197034,1
0.069406,0
-0.074451,0
-0.023580,0
0.030213,0
-0.003405,0
-0.035254,0
0.017797,0
0.089942,0
0.065664,0
-0.000756,0
-0.023267,0
0.006756,0
0.042576,0
0.019163,0
-0.045344,0
-0.047002,0
0.089320,0
0.200768,1
0.084296,0
-0.080021,0
-0.046945,0
0.030732,0
-0.043945,0
-0.131117,0
-0.105723,0
-0.043492,0
0.027022,0
0.088583,1
0.107193,1
0.109602,0
0.080009,0
-0.017635,0
-0.110269,0
-0.085201,0
0.014642,0
0.047172,0
0.007533,0
0.001200,0
0.081942,0
0.172349,1
0.139169,0
0.021360,0
-0.029748,0
-0.030471,0
-0.065190,0
-0.080817,0
-0.059753,0
-0.066772,0
-0.039202,0
0.074534,0
0.176825,1
0.215078,1
0.159939,0
-0.002110,0
-0.115210,0
-0.106493,0
-0.121797,0
-0.180044,0
-0.156357,0
-0.060613,0
0.012600,0
0.049307,0
0.080759,1
0.133611,1
0.169915,1
0.058950,0
-0.167001,0
-0.257130,0
-0.150458,0
-0.045589,0
-0.039652,0
-0.032820,0
0.097685,0
0.284367,1
0.258237,1
0.038047,0
-0.048230,0
-0.049350,0
-0.167811,0
-0.234540,0
-0.143679,0
-0.042611,0
0.045240,0
0.174628,0
0.264192,1
0.279152,1
0.246793,0
0.104676,0
-0.096698,0
-0.212351,0
-0.225058,0
-0.197598,0
-0.167569,0
-0.065475,0
0.156969,0
0.292149,1
0.155615,0
-0.003160,0
0.041153,0
0.036856,0
-0.141471,0
-0.236757,0
-0.189717,0
-0.145045,0
-0.034177,0
0.201907,1
0.343225,1
0.295971,0
0.188354,0
0.050117,0
-0.088104,0
-0.163310,0
-0.223609,0
-0.281784,0
-0.231394,0
-0.033386,0
0.184856,0
0.275051,1
0.208645,0
0.089966,0
0.029007,0
-0.024954,0
-0.175196,0
-0.358540,0
-0.396152,0
-0.247093,0
-0.072111,0
0.036825,0
0.176403,0
0.323530,1
0.255161,0
0.032551,0
-0.039000,0
-0.036997,0
-0.201397,0
-0.386417,0
-0.343203,0
-0.130684,0
0.052967,0
0.159676,0
0.223035,1
0.247177,0
0.198737,0
0.040262,0
-0.151703,0
-0.275279,0
-0.306432,0
-0.241909,0
-0.129811,0
-0.039557,0
0.056080,0
0.194403,0
0.248238,1
0.150320,0
0.039893,0
-0.065502,0
-0.211671,0
-0.281968,0
-0.208522,0
-0.082914,0
0.019470,0
0.126815,0
0.257012,1
0.371614,1
0.363043,0
0.141529,0
-0.110507,0
-0.165339,0
-0.123590,0
-0.130202,0
-0.083496,0
0.074605,0
0.220054,0
0.279338,0
0.227331,0
0.124012,0
0.094009,0
0.027254,0
-0.175434,0
-0.314025,0
-0.262184,0
-0.126441,0
-0.007076,0
0.099669,0
0.251621,1
0.379934,1
0.287508,0
0.075648,0
0.011838,0
-0.028604,0
-0.207145,0
-0.337057,0
-0.284601,0
-0.138346,0
0.006259,0
0.122943,0
0.214449,1
0.270335,1
0.214309,0
0.048557,0
-0.072493,0
-0.145575,0
-0.271811,0
-0.344210,0
-0.237297,0
-0.052155,0
0.071149,0
0.131138,0
0.178300,0
0.196667,0
0.115959,0
-0.006605,0
-0.059465,0
-0.133551,0
-0.258978,0
-0.281216,0
-0.204792,0
-0.120298,0
0.004127,0
0.145313,1
0.189007,1
0.183392,0
0.189058,0
0.085791,0
-0.081110,0
-0.143493,0
-0.166389,0
-0.216385,0
-0.171297,0
-0.014883,0
0.130564,0
0.211056,0
0.190502,0
0.123613,0
0.118923,0
0.093788,0
-0.018465,0
-0.144505,0
-0.213932,0
-0.165121,0
-0.022121,0
0.103716,0
0.189884,0
0.270758,1
0.259735,0
0.170126,0
0.142378,0
0.072388,0
-0.106985,0
-0.221972,0
-0.232046,0
-0.176096,0
-0.027180,0
0.121393,0
0.165215,0
0.181734,0
0.173792,0
0.097176,0
0.062637,0
0.042219,0
-0.082991,0
-0.225828,0
-0.252789,0
-0.138727,0
0.056616,0
0.183884,0
0.178007,0
0.168188,0
0.143026,0
0.045235,0
0.021482,0
0.012508,0
-0.122652,0
-0.237610,0
-0.212049,0
-0.093914,0
0.035458,0
0.080400,0
0.067884,0
0.160357,1
0.236135,1
0.078264,0
-0.077648,0
-0.069330,0
-0.110323,0
-0.199409,0
-0.149905,0
-0.009097,0
0.101455,0
0.150425,0
0.082900,0
0.001997,0
0.044587,0
0.074471,0
0.026788,0
-0.028620,0
-0.099980,0
-0.126847,0
-0.029698,0
0.076821,0
0.065592,0
0.039149,0
0.026145,0
-0.037469,0
-0.054757,0
-0.030663,0
-0.042196,0
-0.074299,0
-0.121766,0
-0.126673,0
-0.020611,0
0.107685,1
0.120440,1
0.064524,0
0.006258,0
-0.035966,0
0.021237,0
0.091312,0
0.027257,0
-0.112226,0
-0.183136,0
-0.129480,0
-0.039905,0
-0.010335,0
-0.001764,0
0.060700,0
0.087207,0
0.037097,0
0.028192,0
0.011361,0
-0.056135,0
-0.093829,0
-0.112793,0
-0.094855,0
0.009767,0
0.115000,1
0.146829,1
0.171315,1
0.146983,0
0.033578,0
-0.008795,0
0.032001,0
0.014683,0
-0.076173,0
-0.133654,0
-0.090773,0
0.004572,0
0.069160,0
0.051316,0
-0.003522,0
-0.039873,0
-0.011769,0
0.067252,0
0.049021,0
-0.041254,0
-0.072445,0
-0.058348,0
-0.023013,0
0.032976,0
0.069941,0
0.067305,0
0.071727,0
0.041350,0
-0.041184,0
-0.056868,0
-0.039654,0
-0.074488,0
-0.114738,0
-0.081007,0
0.025608,0
0.101741,1
0.075119,0
-0.021565,0
-0.042356,0
0.005108,0
-0.031130,0
-0.088044,0
-0.116472,0
-0.167224,0
-0.175326,0
-0.070308,0
0.054675,1
0.043101,0
-0.040459,0
-0.022014,0
0.107790,1
0.148525,1
0.009895,0
-0.068478,0
-0.037861,0
-0.034986,0
-0.002217,0
0.052570,0
0.038339,0
0.007792,0
0.032466,0
0.016750,0
-0.038335,0
0.013023,0
0.079365,1
0.041888,0
-0.042669,0
-0.093797,0
-0.069268,0
-0.020652,0
0.015805,0
0.065312,0
0.108963,1
0.063455,0
-0.020736,0
0.006636,0
0.071864,0
0.082473,0
0.081194,0
0.053694,0
-0.001289,0
0.016285,0
0.125242,1
0.155474,1
0.086367,0
0.020128,0
-0.041068,0
-0.009059,0
0.071216,0
0.018214,0
-0.086421,0
-0.065910,0
0.038716,0
0.074654,0
0.037644,0
-0.033751,0
-0.101486,0
-0.076329,0
-0.023765,0
-0.040806,0
-0.098100,0
-0.096849,0
-0.011502,0
0.033557,1
0.015601,0
0.021245,0
0.071668,1
0.060670,0
-0.063920,0
-0.120813,0
-0.070031,0
-0.055470,0
-0.074408,0
-0.038545,0
0.018523,0
-0.006590,0
-0.038886,0
-0.005293,0
0.034311,1
0.053041,1
0.014394,0
-0.057014,0
-0.072386,0
-0.010484,0
0.032042,0
-0.032801,0
-0.094811,0
-0.054050,0
0.043323,0
0.086637,1
0.024485,0
-0.040901,0
-0.058494,0
-0.017533,0
0.053998,0
0.037560,0
-0.030740,0
-0.038793,0
0.020992,0
0.058952,0
0.035386,0
0.013853,0
-0.011701,0
-0.010159,0
0.044966,0
0.046827,0
-0.038303,0
-0.091896,0
-0.025496,0
0.059232,0
0.088877,1
0.080082,0
0.013814,0
-0.030796,0
-0.009833,0
0.003272,0
-0.004733,0
0.013627,0
0.046152,0
0.041850,0
0.044751,0
0.056946,0
0.042889,0
0.027144,0
-0.000670,0
-0.015898,0
-0.022744,0
-0.028977,0
0.001936,0
0.023421,0
0.030184,0
0.037952,0
0.030158,0
-0.006110,0
-0.054675,0
-0.032273,0
0.009615,0
-0.028131,0
-0.070382,0
-0.013840,0
0.066410,1
0.030087,0
-0.029580,0
-0.028528,0
-0.045058,0
-0.057049,0
-0.037062,0
-0.025035,0
-0.045316,0
-0.064941,0
-0.047391,0
-0.030849,0
-0.028791,0
-0.038289,0
-0.040196,0
-0.027464,0
-0.026304,0
-0.005824,1
0.013508,1
0.007012,1
-0.005480,0
-0.012743,0
0.003692,0
-0.007567,0
-0.028874,0
-0.028299,0
-0.054062,0
-0.051548,0
-0.013933,0
0.011216,0
0.040342,1
0.061512,1
0.050306,0
-0.005345,0
-0.045304,0
-0.035805,0
-0.020312,0
0.000760,0
-0.011740,0
-0.042681,0
-0.015539,0
0.032939,0
0.022461,0
-0.071451,0
-0.127286,0
-0.065075,0
0.017778,0
0.058977,0
0.035438,0
0.031433,0
0.115260,1
0.122186,0
0.025581,0
-0.035304,0
-0.017168,0
0.058802,0
0.097639,0
0.076414,0
0.084087,0
0.143236,0
0.164800,0
0.081286,0
0.012103,0
-0.010143,0
-0.086299,0
-0.098607,0
0.031571,0
0.133129,0
0.082148,0
-0.013961,0
-0.013638,0
0.002758,0
-0.026694,0
-0.035955,0
0.007583,0
0.080748,0
0.077621,0
0.060539,0
0.127959,1
0.115047,0
0.007886,0
-0.072702,0
-0.122900,0
-0.086953,0
0.052313,0
0.141166,0
0.050360,0
-0.042465,0
0.044464,0
0.110950,0
0.018908,0
-0.108767,0
-0.150793,0
-0.073737,0
0.024447,0
0.053751,0
0.009094,0
-0.028632,0
0.028005,0
0.052612,0
-0.056729,0
-0.165701,0
-0.118332,0
0.045588,0
0.100492,0
0.012040,0
-0.035923,0
-0.009783,0
-0.023321,0
-0.124235,0
-0.189319,0
-0.132006,0
-0.033876,0
0.047585,0
0.096285,1
0.115321,1
0.108259,0
0.061828,0
-0.000869,0
-0.097238,0
-0.192330,0
-0.159825,0
0.000120,0
0.139125,0
0.127780,0
0.036892,0
-0.006608,0
-0.019483,0
-0.026711,0
-0.110711,0
-0.300006,0
-0.313705,0
-0.028310,0
0.201797,1
0.126506,0
-0.012462,0
0.011072,0
0.048743,0
-0.008594,0
-0.119408,0
-0.239539,0
-0.195964,0
0.060090,0
0.255835,1
0.215179,0
0.091273,0
0.038299,0
0.038258,0
0.058186,0
0.002420,0
-0.133274,0
-0.129581,0
0.028096,0
0.123485,0
0.092869,0
0.054865,0
0.048617,0
0.025890,0
0.052078,0
0.024989,0
-0.184892,0
-0.238966,0
0.009710,0
0.139139,0
0.003799,0
-0.076067,0
-0.030748,0
-0.061334,0
-0.122750,0
-0.119264,0
-0.108109,0
-0.058989,0
0.052829,0
0.142174,1
0.135026,1
0.051750,0
-0.038462,0
-0.109727,0
-0.120769,0
-0.071188,0
-0.001213,0
0.091063,0
0.153128,0
0.156214,0
0.107236,0
0.008532,0
-0.056902,0
-0.053351,0
-0.022212,0
-0.060700,0
-0.190080,0
-0.148901,0
0.127772,0
0.288559,1
0.192386,0
0.057888,0
-0.001773,0
-0.123870,0
-0.326433,0
-0.345640,0
-0.064202,0
0.229776,0
0.269604,0
0.177411,0
0.146362,0
0.143168,0
0.068382,0
-0.057635,0
-0.096055,0
-0.041986,0
-0.012578,0
0.032769,0
0.117730,0
0.149998,0
0.133131,0
0.125629,0
0.081594,0
-0.046500,0
-0.124473,0
-0.081673,0
-0.031437,0
0.000345,0
0.046655,0
0.100038,0
0.116501,0
0.061240,0
-0.020067,0
-0.113632,0
-0.181561,0
-0.131032,0
-0.003927,0
0.089060,0
0.115883,0
0.108921,0
0.055793,0
-0.063902,0
-0.157858,0
-0.198243,0
-0.222058,0
-0.149464,0
0.033484,0
0.172403,0
0.156447,0
0.052405,0
-0.024170,0
-0.037152,0
-0.004185,0
-0.031211,0
-0.118481,0
-0.075625,0
0.080780,0
0.177102,1
0.175938,1
0.099414,0
-0.025550,0
-0.152634,0
-0.201519,0
-0.142398,0
-0.025011,0
0.111876,0
0.183884,0
0.151937,0
0.079888,0
-0.001521,0
-0.073975,0
-0.141195,0
-0.181571,0
-0.124261,0
0.002522,0
0.113527,0
0.141568,0
0.081802,0
0.006958,0
-0.039925,0
-0.066912,0
-0.121673,0
-0.174877,0
-0.115442,0
0.009343,0
0.082937,0
0.095917,0
0.062907,0
-0.016214,0
-0.090714,0
-0.096700,0
-0.098945,0
-0.123243,0
-0.063679,0
0.044539,0
0.114875,1
0.151299,1
0.124438,0
0.023505,0
-0.076127,0
-0.090038,0
-0.059449,0
-0.041856,0
0.023855,0
0.110520,0
0.156766,0
0.171216,0
0.098268,0
-0.055042,0
-0.147616,0
-0.099948,0
-0.028298,0
-0.019877,0
0.036203,0
0.121185,0
0.110119,0
0.043748,0
0.003767,0
-0.020957,0
-0.128902,0
-0.270512,0
-0.220235,0
0.010282,0
0.189569,0
0.203190,0
0.112188,0
0.003990,0
-0.077872,0
-0.093015,0
-0.108783,0
-0.151542,0
-0.065345,0
0.111265,0
0.185493,0
0.140101,0
0.050157,0
-0.029609,0
-0.115301,0
-0.212690,0
-0.217930,0
-0.069583,0
0.127955,0
0.197311,0
0.118412,0
0.039712,0
0.026039,0
-0.014863,0
-0.138805,0
-0.203666,0
-0.095132,0
0.070315,0
0.162512,0
0.169245,0
0.128510,0
0.065500,0
0.014179,0
-0.008904,0
-0.100432,0
-0.218122,0
-0.149694,0
0.053845,0
0.168926,0
0.142533,0
0.065142,0
0.013095,0
-0.018395,0
-0.037109,0
-0.062766,0
-0.081089,0
0.012253,0
0.186834,1
0.275459,1
0.195571,0
0.029154,0
-0.073634,0
-0.100554,0
-0.134622,0
-0.167776,0
-0.100011,0
0.066864,0
0.178624,0
0.179299,0
0.115568,0
0.049318,0
0.049009,0
0.020120,0
-0.112456,0
-0.194369,0
-0.106941,0
0.041224,0
0.086203,0
0.075178,0
0.086607,0
0.043213,0
-0.052682,0
-0.127098,0
-0.153858,0
-0.126230,0
-0.043993,0
0.060108,0
0.086646,0
0.040731,0
0.020675,0
0.018044,0
-0.009075,0
-0.052711,0
-0.078437,0
-0.083218,0
-0.063491,0
0.010428,0
0.084430,1
0.097298,1
0.050488,0
-0.016946,0
-0.056878,0
-0.070980,0
-0.059179,0
-0.069169,0
-0.110469,0
-0.056515,0
0.063267,0
0.109396,1
0.090930,0
0.061962,0
0.015479,0
-0.067875,0
-0.145671,0
-0.182649,0
-0.182454,0
-0.094711,0
0.064619,0
0.142548,1
0.075964,0
-0.000492,0
-0.007250,0
-0.007134,0
-0.002036,0
-0.022359,0
-0.097745,0
-0.094843,0
0.014611,0
0.098864,1
0.104707,1
0.062763,0
-0.009161,0
-0.057197,0
0.003060,0
0.038209,0
-0.077597,0
-0.111683,0
0.048343,0
0.148171,1
0.059559,0
-0.037976,0
-0.030158,0
-0.030462,0
-0.074374,0
-0.085193,0
-0.045117,0
0.043523,0
0.133305,1
0.151802,1
0.091526,0
0.033670,0
0.039724,0
0.014884,0
-0.077335,0
-0.111294,0
-0.025365,0
0.069021,0
0.030998,0
-0.032098,0
0.032743,0
0.119373,1
0.103406,0
-0.003835,0
-0.089927,0
-0.067968,0
0.007026,0
0.068416,0
0.062253,0
-0.007796,0
-0.052428,0
-0.068622,0
-0.115908,0
-0.172528,0
-0.135099,0
0.004109,0
0.116123,1
0.143139,1
0.118753,0
0.091917,0
0.071633,0
0.043362,0
0.055677,0
0.037549,0
-0.079942,0
-0.102504,0
0.036450,0
0.134335,0
0.100261,0
0.043558,0
0.010858,0
-0.054612,0
-0.092924,0
-0.071060,0
-0.057251,0
-0.014529,0
0.075981,0
0.121101,1
0.073319,0
0.008868,0
-0.005527,0
-0.019562,0
-0.049428,0
-0.078171,0
-0.103973,0
-0.076892,0
0.014374,0
0.115084,1
0.143504,1
0.082057,0
0.021680,0
0.029217,0
0.067783,0
0.004097,0
-0.146146,0
-0.157889,0
-0.002249,0
0.111514,0
0.075719,0
-0.002842,0
-0.012704,0
0.029699,0
0.053476,0
-0.036301,0
-0.187868,0
-0.186997,0
-0.013037,0
0.085788,0
-0.008324,0
-0.077749,0
-0.007624,0
0.040557,0
-0.004834,0
-0.062621,0
-0.045742,0
-0.007831,0
-0.042617,0
-0.051619,0
0.030657,0
0.083638,1
0.026771,0
-0.042254,0
-0.023732,0
0.007386,0
-0.018081,0
-0.071284,0
-0.111103,0
-0.087741,0
0.016570,0
0.121546,1
0.118597,1
0.063408,0
0.044316,0
0.009206,0
-0.055849,0
-0.102346,0
-0.081641,0
-0.004881,0
0.020035,0
-0.008094,0
0.024803,0
0.081995,1
0.022542,0
-0.066301,0
-0.042822,0
-0.023985,0
-0.077324,0
-0.105562,0
-0.093856,0
-0.062843,0
0.014218,0
0.071527,1
0.011903,0
-0.034271,0
0.030039,0
0.047983,0
-0.013870,0
-0.043987,0
-0.029402,0
-0.005370,0
0.023915,0
0.051604,0
0.048386,0
0.039536,0
0.044484,0
0.047203,0
0.067915,0
0.065550,0
0.026567,0
0.026148,0
0.018494,0
-0.044195,0
-0.053706,0
-0.004009,0
-0.010241,0
-0.024078,0
0.018628,0
0.020122,0
-0.031537,0
-0.047010,0
-0.014288,0
0.049467,1
0.111319,1
0.075102,0
-0.051154,0
-0.080142,0
0.010765,0
0.035160,0
-0.006623,0
0.022863,0
0.146972,1
0.264027,1
0.206682,0
0.009134,0
-0.070083,0
-0.019262,0
-0.044520,0
-0.101579,0
-0.065525,0
-0.017110,0
0.041721,0
0.154431,1
0.167178,1
0.060544,0
-0.008594,0
-0.078403,0
-0.181856,0
-0.185000,0
-0.110517,0
-0.057319,0
0.046639,0
0.180562,1
0.186359,1
0.133090,0
0.130905,0
0.053821,0
-0.107038,0
-0.187109,0
-0.174813,0
-0.146324,0
-0.109404,0
-0.037246,0
0.101168,0
0.264841,1
0.247586,1
-0.012416,0
-0.189518,0
-0.142336,0
-0.135140,0
-0.207186,0
-0.142854,0
0.037156,0
0.201433,0
0.327577,1
0.280899,0
0.008034,0
-0.179679,0
-0.139964,0
-0.128107,0
-0.228102,0
-0.216323,0
-0.018415,0
0.184195,0
0.253701,0
0.166382,0
0.037091,0
0.034336,0
0.028675,0
-0.156414,0
-0.317606,0
-0.245855,0
-0.079897,0
0.006016,0
0.068127,0
0.225482,1
0.389412,1
0.293691,0
-0.025423,0
-0.196508,0
-0.173845,0
-0.206079,0
-0.270977,0
-0.182610,0
0.021599,0
0.179163,0
0.226688,0
0.173452,0
0.123857,0
0.121132,0
-0.007128,0
-0.250553,0
-0.354033,0
-0.269197,0
-0.137390,0
0.000311,0
0.164825,0
0.295759,1
0.327026,0
0.228022,0
0.019529,0
-0.159271,0
-0.253527,0
-0.338860,0
-0.365028,0
-0.239546,0
-0.062283,0
0.034170,0
0.093734,0
0.183900,1
0.276199,1
0.256742,0
0.073535,0
-0.098770,0
-0.168346,0
-0.218437,0
-0.224784,0
-0.174017,0
-0.141025,0
-0.103070,0
0.016256,0
0.201894,1
0.325038,1
0.248919,0
0.101372,0
0.103709,0
0.109217,0
-0.044236,0
-0.197898,0
-0.246191,0
-0.231602,0
-0.180217,0
-0.085528,0
0.096370,0
0.295281,1
0.321588,1
0.229429,0
0.172757,0
0.084784,0
-0.032474,0
-0.101813,0
-0.204752,0
-0.337064,0
-0.300453,0
-0.071543,0
0.104342,0
0.129681,0
0.174948,0
0.280601,1
0.236933,0
0.050880,0
-0.033008,0
-0.082519,0
-0.253261,0
-0.349044,0
-0.233958,0
-0.081397,0
0.000092,0
0.078457,0
0.198218,1
0.303380,1
0.266870,0
0.132816,0
0.078379,0
0.016859,0
-0.165270,0
-0.295101,0
-0.241138,0
-0.106140,0
-0.012992,0
0.064339,0
0.206574,1
0.338199,1
0.268487,0
0.076123,0
0.011903,0
-0.018006,0
-0.162416,0
-0.253759,0
-0.187751,0
-0.070543,0
0.030420,0
0.098785,0
0.115824,0
0.154113,0
0.198050,0
0.099306,0
-0.063189,0
-0.142238,0
-0.189132,0
-0.187049,0
-0.049616,0
0.094629,0
0.123201,0
0.158602,0
0.175688,0
0.052937,0
-0.038146,0
-0.030040,0
-0.104267,0
-0.246332,0
-0.264974,0
-0.121632,0
0.019022,0
0.043468,0
0.046959,0
0.137667,1
0.184549,1
0.072737,0
-0.042198,0
-0.116337,0
-0.233942,0
-0.270718,0
-0.127487,0
0.040302,0
0.109390,0
0.144901,0
0.132227,0
0.060122,0
0.039869,0
-0.007160,0
-0.149780,0
-0.219410,0
-0.164221,0
-0.084389,0
0.015024,0
0.152819,0
0.273289,1
0.330675,1
0.251688,0
0.074360,0
0.014353,0
0.035810,0
-0.056459,0
-0.182220,0
-0.182074,0
-0.074621,0
0.069662,0
0.173298,0
0.171324,0
0.167755,0
0.174879,0
0.070490,0
-0.016706,0
0.002617,0
-0.007215,0
-0.063854,0
-0.098354,0
-0.099533,0
-0.019785,0
0.128433,0
0.191418,1
0.171150,0
0.131481,0
0.035540,0
-0.019468,0
0.000353,0
-0.027773,0
-0.119652,0
-0.157417,0
-0.057156,0
0.054979,0
0.034157,0
-0.044165,0
-0.004864,0
0.108225,1
0.086748,0
-0.009339,0
-0.065050,0
-0.143566,0
-0.173449,0
-0.061334,0
0.045403,0
0.027040,0
-0.004145,0
0.035551,0
0.117302,1
0.135261,0
0.009793,0
-0.084913,0
-0.078178,0
-0.123087,0
-0.155434,0
-0.045067,0
0.092968,0
0.127747,0
0.097912,0
0.025738,0
-0.037950,0
-0.024523,0
-0.025069,0
-0.051578,0
-0.063473,0
-0.091609,0
-0.095765,0
-0.047732,0
0.022174,1
0.083519,1
0.105728,1
0.026973,0
-0.075132,0
-0.036783,0
0.051426,0
0.074264,0
0.048199,0
-0.015343,0
-0.056349,0
-0.015608,0
0.044357,0
0.020284,0
-0.006391,0
-0.009271,0
-0.087525,0
-0.105540,0
-0.005296,0
0.018574,0
-0.065881,0
-0.068316,0
0.033982,0
0.022669,0
-0.098388,0
-0.116656,0
0.010701,0
0.114518,1
0.067598,0
-0.017758,0
-0.051173,0
-0.040535,0
0.008818,0
0.016000,0
-0.017173,0
0.032114,0
0.142075,1
0.085757,0
-0.112174,0
-0.144094,0
-0.047067,0
-0.039534,0
-0.093184,0
-0.074599,0
0.020558,0
0.057066,0
0.027269,0
0.021546,0
0.062375,0
0.079038,0
-0.005777,0
-0.091510,0
-0.095060,0
-0.041388,0
0.020151,0
0.012683,0
-0.045035,0
-0.066058,0
-0.016824,0
0.012802,0
0.010487,0
0.046345,0
0.023604,0
-0.039272,0
-0.008785,0
0.058106,1
0.049926,0
-0.006953,0
-0.011039,0
0.042576,0
0.100484,1
0.082864,0
0.016555,0
0.038943,0
0.089273,0
0.085690,0
0.027380,0
-0.066360,0
-0.085716,0
-0.038539,0
-0.004803,0
-0.012042,0
-0.032083,0
-0.011943,0
0.013249,0
0.041726,1
0.077135,1
0.093871,1
0.083955,0
0.018230,0
-0.039342,0
-0.007560,0
0.061669,0
0.047496,0
-0.014127,0
0.001768,0
0.020149,0
-0.023679,0
-0.067736,0
-0.084506,0
-0.088689,0
-0.072623,0
-0.012843,0
0.026146,0
0.020636,0
0.001172,0
-0.018190,0
0.004123,0
0.010017,0
-0.048844,0
-0.098419,0
-0.088162,0
-0.067024,0
-0.072093,0
-0.043218,0
0.020678,1
0.056731,1
0.044975,0
0.046866,0
0.066473,0
-0.011765,0
-0.108522,0
-0.078514,0
-0.006955,0
-0.003277,0
-0.004416,0
0.050912,0
0.072034,0
0.057693,0
0.064178,0
0.058996,0
0.030763,0
-0.012112,0
-0.016319,0
-0.011249,0
-0.055532,0
-0.066661,0
-0.025234,0
0.022914,0
0.047989,0
0.050370,0
0.044295,0
0.030667,0
0.056364,0
0.074981,0
0.037727,0
-0.002762,0
-0.040787,0
-0.061382,0
-0.032295,0
0.046054,0
0.075791,0
0.009254,0
-0.019118,0
0.004347,0
0.011833,0
-0.011299,0
-0.069397,0
-0.086079,0
-0.037779,0
-0.010419,0
-0.052292,0
-0.073991,0
-0.026318,0
-0.013627,0
-0.041207,0
-0.051122,0
-0.030451,0
0.018257,1
0.053778,1
0.051835,1
0.011412,0
-0.008363,0
-0.010645,0
-0.070154,0
-0.110797,0
-0.079074,0
-0.052980,0
-0.067469,0
-0.053622,0
0.026282,1
0.088725,1
0.065338,0
-0.015226,0
-0.042722,0
-0.008311,0
-0.000625,0
0.000567,0
0.007442,0
0.008441,0
0.039721,0
0.114399,1
0.144786,1
0.044281,0
-0.056807,0
-0.036896,0
0.027977,0
0.025688,0
-0.036016,0
-0.030634,0
0.061285,0
0.147217,1
0.143428,1
0.070551,0
0.039885,0
0.031260,0
-0.008793,0
-0.063884,0
-0.127191,0
-0.141704,0
-0.039772,0
0.101799,0
0.143880,1
0.121667,0
0.101289,0
0.059851,0
0.016208,0
-0.021480,0
-0.054609,0
-0.101604,0
-0.161216,0
-0.122025,0
0.033069,0
0.128073,1
0.068291,0
0.021927,0
0.085970,0
0.114321,0
0.044177,0
-0.072356,0
-0.172928,0
-0.181834,0
-0.094173,0
0.011466,0
0.057112,0
0.046664,0
0.019883,0
0.028503,0
0.090345,0
0.101854,0
0.002015,0
-0.114442,0
-0.130334,0
-0.063877,0
0.006804,0
0.052660,0
0.049244,0
0.060052,0
0.121511,0
0.135645,0
0.072022,0
-0.010452,0
-0.047989,0
-0.076510,0
-0.143176,0
-0.122114,0
0.035310,0
0.134913,0
0.065286,0
0.002045,0
0.044864,0
0.039571,0
-0.056786,0
-0.136111,0
-0.148878,0
-0.122984,0
-0.067914,0
0.042135,0
0.142922,1
0.171643,1
0.153880,0
0.109339,0
0.038004,0
-0.046057,0
-0.089450,0
-0.105629,0
-0.137119,0
-0.124894,0
-0.035127,0
0.086250,0
0.151539,1
0.118140,0
0.048054,0
-0.004768,0
-0.038996,0
-0.093347,0
-0.169809,0
-0.198906,0
-0.137682,0
-0.022079,0
0.062093,0
0.102376,1
0.124323,1
0.107860,0
0.054557,0
-0.004836,0
-0.034185,0
-0.074278,0
-0.138480,0
-0.095002,0
0.068265,0
0.163326,1
0.087234,0
-0.007916,0
0.026558,0
0.096275,0
0.063404,0
-0.057435,0
-0.134506,0
-0.133555,0
-0.122589,0
-0.062077,0
0.060363,0
0.121982,0
0.085856,0
0.055647,0
0.018530,0
-0.080027,0
-0.109639,0
-0.072021,0
-0.104677,0
-0.126412,0
-0.027784,0
0.081740,0
0.092562,1
0.109664,1
0.147796,1
0.054967,0
-0.106582,0
-0.158531,0
-0.098210,0
-0.072605,0
-0.116568,0
-0.078716,0
0.058958,0
0.153091,1
0.132452,0
0.054706,0
-0.012315,0
-0.063923,0
-0.079534,0
-0.108108,0
-0.195600,0
-0.187233,0
-0.014015,0
0.121719,0
0.105358,0
0.084096,0
0.125092,0
0.108109,0
0.005749,0
-0.074760,0
-0.068959,0
-0.069045,0
-0.128120,0
-0.122431,0
-0.015171,0
0.124242,0
0.222024,1
0.199217,1
0.102145,0
0.045408,0
0.030783,0
-0.041491,0
-0.159863,0
-0.179477,0
-0.071680,0
0.049492,0
0.086554,0
0.070983,0
0.088527,0
0.120575,0
0.076525,0
-0.037568,0
-0.100839,0
-0.118703,0
-0.147686,0
-0.088423,0
0.066176,0
0.165534,1
0.158606,0
0.114275,0
0.055081,0
-0.038541,0
-0.123899,0
-0.167315,0
-0.168383,0
-0.109492,0
0.020614,0
0.170178,0
0.222589,1
0.187494,0
0.157311,0
0.098654,0
-0.024023,0
-0.144650,0
-0.182148,0
-0.148094,0
-0.087207,0
0.024271,0
0.136547,0
0.149666,0
0.107572,0
0.095893,0
0.046975,0
-0.071326,0
-0.119774,0
-0.113379,0
-0.151693,0
-0.131132,0
-0.005564,0
0.089444,0
0.098848,0
0.111255,0
0.134546,0
0.076200,0
-0.061667,0
-0.183693,0
-0.184577,0
-0.078528,0
0.018471,0
0.067068,0
0.080609,0
0.116469,0
0.183237,1
0.174806,0
0.083580,0
-0.021229,0
-0.109496,0
-0.162975,0
-0.160086,0
-0.075891,0
0.045757,0
0.147192,0
0.210347,0
0.185703,0
0.059363,0
-0.058399,0
-0.071482,0
-0.095329,0
-0.202263,0
-0.194298,0
-0.001484,0
0.161585,0
0.187124,0
0.187597,0
0.161589,0
0.034137,0
-0.066288,0
-0.076786,0
-0.086982,0
-0.091600,0
-0.038422,0
0.067483,0
0.135720,0
0.112487,0
0.045045,0
-0.003957,0
-0.001981,0
-0.032167,0
-0.136642,0
-0.185521,0
-0.097628,0
0.038048,0
0.090304,0
0.085320,0
0.077485,0
0.009773,0
-0.083650,0
-0.120749,0
-0.129672,0
-0.160131,0
-0.141784,0
-0.015155,0
0.081755,0
0.089092,0
0.098552,0
0.084083,0
-0.012992,0
-0.142543,0
-0.204564,0
-0.165937,0
-0.063296,0
0.047313,0
0.081492,0
0.049296,0
0.024320,0
-0.001078,0
-0.062636,0
-0.145682,0
-0.162251,0
-0.093311,0
-0.013843,0
0.053144,0
0.093799,0
0.098222,0
0.046687,0
-0.039082,0
-0.041695,0
-0.029886,0
-0.113025,0
-0.121531,0
0.042556,0
0.194440,1
0.182605,1
0.094826,0
0.029623,0
-0.020280,0
-0.015793,0
-0.015840,0
-0.094502,0
-0.109079,0
0.009474,0
0.137833,0
0.162620,1
0.087959,0
-0.003839,0
-0.059458,0
-0.067661,0
-0.095848,0
-0.158893,0
-0.129608,0
0.007953,0
0.130402,0
0.129865,0
0.023649,0
-0.043982,0
-0.028284,0
-0.013981,0
-0.054076,0
-0.079817,0
-0.026596,0
0.022857,0
0.056473,0
0.106628,1
0.074187,0
-0.057303,0
-0.129271,0
-0.048202,0
0.027627,0
0.000221,0
0.011284,0
0.064010,0
0.076190,0
0.074710,0
0.062708,0
0.024780,0
-0.039768,0
-0.090305,0
-0.078832,0
-0.020697,0
0.048935,0
0.093215,0
0.115526,0
0.107839,0
0.044778,0
-0.029061,0
-0.090056,0
-0.107611,0
-0.047018,0
0.044119,0
0.124846,0
0.151883,0
0.107119,0
0.022645,0
-0.079785,0
-0.147105,0
-0.149909,0
-0.095695,0
-0.001502,0
0.095482,0
0.183434,0
0.199888,1
0.102970,0
-0.012732,0
-0.051041,0
-0.017194,0
-0.055400,0
-0.185692,0
-0.164629,0
0.035335,0
0.177257,0
0.166811,0
0.080497,0
-0.001846,0
-0.043788,0
-0.020097,0
0.009280,0
0.011343,0
0.052202,0
0.089550,0
0.102831,0
0.117233,0
0.077095,0
-0.001100,0
-0.054283,0
-0.058407,0
-0.044419,0
-0.041616,0
-0.021341,0
-0.015107,0
-0.016851,0
0.014721,0
0.032605,1
0.026933,0
-0.011326,0
-0.084067,0
-0.109632,0
-0.049442,0
0.012956,0
-0.009714,0
-0.011743,0
0.067031,1
0.061087,0
-0.047381,0
-0.104315,0
-0.067247,0
-0.028377,0
-0.024891,0
-0.005933,0
0.001300,0
0.012992,0
0.057674,0
0.023095,0
-0.084178,0
-0.096919,0
0.011321,0
0.053249,0
-0.042079,0
-0.106077,0
-0.064776,0
0.013622,0
0.058499,0
0.045621,0
0.010184,0
-0.040448,0
-0.067606,0
-0.041125,0
-0.037158,0
-0.062012,0
-0.022747,0
0.063067,1
0.054619,0
-0.042687,0
-0.095201,0
-0.094760,0
-0.066473,0
-0.029033,0
-0.045641,0
-0.085599,0
-0.065680,0
-0.007394,0
0.010697,1
0.005355,0
0.014146,0
0.002883,0
-0.010406,0
-0.016386,0
-0.045227,0
-0.045516,0
