Command: /home/vedant/.espressif/python_env/idf5.5_py3.10_env/bin/python /home/vedant/esp/esp-idf/tools/idf_monitor.py -p /dev/ttyUSB1 -b 115200 --toolchain-prefix xtensa-esp32-elf- --target esp32 --revision 0 /home/vedant/Bidex_Hand_Project/eog_bioamp/build/eog_bioamp.elf /home/vedant/Bidex_Hand_Project/eog_bioamp/build/bootloader/bootloader.elf -m '/home/vedant/.espressif/python_env/idf5.5_py3.10_env/bin/python' '/home/vedant/esp/esp-idf/tools/idf.py'
ets Jul 29 2019 12:21:46

rst:0x1 (POWERON_RESET),boot:0x13 (SPI_FAST_FLASH_BOOT)
configsip: 0, SPIWP:0xee
clk_drv:0x00,q_drv:0x00,d_drv:0x00,cs0_drv:0x00,hd_drv:0x00,wp_drv:0x00
mode:DIO, clock div:2
load:0x3fff0030,len:6380
ho 0 tail 12 room 4
load:0x40078000,len:15916
load:0x40080400,len:3860
entry 0x40080638
[0;32mI (29) boot: ESP-IDF v5.5 2nd stage bootloader[0m
[0;32mI (29) boot: compile time Jan 13 2026 13:56:03[0m
[0;32mI (29) boot: Multicore bootloader[0m
[0;32mI (30) boot: chip revision: v3.1[0m
[0;32mI (33) boot.esp32: SPI Speed      : 40MHz[0m
[0;32mI (37) boot.esp32: SPI Mode       : DIO[0m
[0;32mI (40) boot.esp32: SPI Flash Size : 2MB[0m
[0;32mI (44) boot: Enabling RNG early entropy source...[0m
[0;32mI (49) boot: Partition Table:[0m
[0;32mI (51) boot: ## Label            Usage          Type ST Offset   Length[0m
[0;32mI (57) boot:  0 nvs              WiFi data        01 02 00009000 00006000[0m
[0;32mI (64) boot:  1 phy_init         RF data          01 01 0000f000 00001000[0m
[0;32mI (71) boot:  2 factory          factory app      00 00 00010000 00100000[0m
[0;32mI (77) boot: End of partition table[0m
[0;32mI (80) esp_image: segment 0: paddr=00010020 vaddr=3f400020 size=0c300h ( 49920) map[0m
[0;32mI (105) esp_image: segment 1: paddr=0001c328 vaddr=3ff80000 size=00020h (    32) load[0m
[0;32mI (105) esp_image: segment 2: paddr=0001c350 vaddr=3ffb0000 size=03178h ( 12664) load[0m
[0;32mI (114) esp_image: segment 3: paddr=0001f4d0 vaddr=40080000 size=00b48h (  2888) load[0m
[0;32mI (118) esp_image: segment 4: paddr=00020020 vaddr=400d0020 size=279c8h (162248) map[0m
[0;32mI (179) esp_image: segment 5: paddr=000479f0 vaddr=40080b48 size=1042ch ( 66604) load[0m
[0;32mI (214) boot: Loaded app from partition at offset 0x10000[0m
[0;32mI (214) boot: Disabling RNG early entropy source...[0m
[0;32mI (224) cpu_start: Multicore app[0m
[0;32mI (233) cpu_start: Pro cpu start user code[0m
[0;32mI (233) cpu_start: cpu freq: 160000000 Hz[0m
[0;32mI (233) app_init: Application information:[0m
[0;32mI (233) app_init: Project name:     eog_bioamp[0m
[0;32mI (237) app_init: App version:      1[0m
[0;32mI (240) app_init: Compile time:     Jan 13 2026 13:55:47[0m
[0;32mI (245) app_init: ELF file SHA256:  983488a9c...[0m
[0;32mI (250) app_init: ESP-IDF:          v5.5[0m
[0;32mI (253) efuse_init: Min chip rev:     v0.0[0m
[0;32mI (257) efuse_init: Max chip rev:     v3.99 [0m
[0;32mI (261) efuse_init: Chip rev:         v3.1[0m
[0;32mI (265) heap_init: Initializing. RAM available for dynamic allocation:[0m
[0;32mI (271) heap_init: At 3FFAE6E0 len 00001920 (6 KiB): DRAM[0m
[0;32mI (276) heap_init: At 3FFB61F8 len 00029E08 (167 KiB): DRAM[0m
[0;32mI (282) heap_init: At 3FFE0440 len 00003AE0 (14 KiB): D/IRAM[0m
[0;32mI (287) heap_init: At 3FFE4350 len 0001BCB0 (111 KiB): D/IRAM[0m
[0;32mI (293) heap_init: At 40090F74 len 0000F08C (60 KiB): IRAM[0m
[0;33mW (299) spi_flash: boya detected but related driver is not linked, please check option `SPI_FLASH_SUPPORT_BOYA_CHIP`[0m
[0;32mI (308) spi_flash: detected chip: generic[0m
[0;32mI (312) spi_flash: flash io: dio[0m
[0;33mW (315) spi_flash: Detected size(4096k) larger than the size in the binary image header(2048k). Using the size in the binary image header.[0m
[0;33mW (327) ADC: legacy driver is deprecated, please migrate to `esp_adc/adc_oneshot.h`[0m
[0;32mI (335) main_task: Started on CPU0[0m
[0;32mI (345) main_task: Calling app_main()[0m
ESP32 EOG Blink Detection Started (GPIO34)
0.097927,0
0.325964,1
0.375028,1
0.173579,0
0.099267,0
0.212097,0
0.278596,0
0.227840,0
0.122260,0
0.036709,0
-0.024753,0
-0.061687,0
-0.042003,0
-0.015065,0
-0.035109,0
-0.062551,0
-0.062725,0
-0.044127,0
-0.012997,0
0.000298,0
-0.028223,0
-0.069952,0
-0.105103,0
-0.120834,0
-0.103401,0
-0.084904,0
-0.089653,0
-0.091309,0
-0.076607,0
-0.066093,0
-0.065392,0
-0.071445,0
-0.095863,0
-0.139866,0
-0.194523,0
-0.241749,0
-0.246933,0
-0.203697,0
-0.157150,0
-0.140842,0
-0.131638,0
-0.092197,0
-0.025375,0
0.028027,0
0.047176,0
0.034782,0
-0.011520,0
-0.077583,0
-0.138027,0
-0.163116,0
-0.147621,0
-0.135998,0
-0.140827,0
-0.127617,0
-0.091295,0
-0.045454,0
-0.000303,0
0.018049,0
-0.004425,0
-0.036469,0
-0.035684,0
-0.007210,0
0.013368,0
0.032421,0
0.070350,0
0.098509,0
0.090492,0
0.063275,0
0.033319,0
0.003033,0
-0.021921,0
-0.031054,0
-0.007492,0
0.032407,0
0.037546,0
0.012508,0
0.017456,0
0.058657,0
0.077847,0
0.067278,0
0.080748,0
0.115650,0
0.118153,0
0.090757,0
0.080551,0
0.096046,0
0.114790,0
0.121359,0
0.098522,0
0.054668,0
0.028084,0
0.013000,0
-0.028675,0
-0.084831,0
-0.101009,0
-0.062359,0
-0.014847,0
0.012520,0
0.034721,0
0.056927,0
0.075115,0
0.095409,0
0.120594,0
0.147141,0
0.150085,0
0.115768,0
0.081001,0
0.060402,0
0.030155,0
-0.008015,0
-0.032700,0
-0.032093,0
-0.008526,0
0.020168,0
0.031334,0
0.028339,0
0.037842,0
0.055004,0
0.040371,0
0.004646,0
0.010574,0
0.050907,0
0.070709,0
0.080936,0
0.090725,0
0.073582,0
0.052708,0
0.049084,0
0.031780,0
-0.003857,0
-0.029270,0
-0.034899,0
-0.022709,0
0.003252,0
0.026855,0
0.031971,0
0.023916,0
0.023727,0
0.028923,0
0.006290,0
-0.036629,0
-0.044212,0
-0.017921,0
-0.005997,0
-0.006332,0
-0.001638,0
0.002209,0
0.016992,0
0.045871,0
0.063721,0
0.063792,0
0.047773,0
0.018125,0
-0.002796,0
-0.018317,0
-0.050839,0
-0.077805,0
-0.075594,0
-0.071420,0
-0.081507,0
-0.073169,0
-0.029100,0
0.014110,0
0.024485,0
0.017111,0
0.013778,0
0.009189,0
-0.015501,0
-0.053079,0
-0.052799,0
-0.002180,0
0.030252,0
0.010022,0
-0.020629,0
-0.035046,0
-0.041581,0
-0.044227,0
-0.043227,0
-0.037262,0
-0.024565,0
-0.018751,0
-0.027954,0
-0.027104,0
-0.001865,0
0.018779,0
0.012796,0
-0.009246,0
-0.035632,0
-0.058109,0
-0.057458,0
-0.029854,0
-0.002954,0
0.004015,0
-0.000491,0
0.003389,0
0.019415,0
0.014888,0
-0.023282,0
-0.052188,0
-0.048212,0
-0.034890,0
-0.030445,0
-0.033803,0
-0.031469,0
-0.013373,0
0.002520,0
0.000419,0
-0.005295,0
-0.003722,0
0.003553,0
0.014957,0
0.009293,0
-0.023536,0
-0.052290,0
-0.059781,0
-0.047912,0
-0.018784,0
-0.005246,0
-0.020934,0
-0.021338,0
0.002520,0
0.005221,0
-0.018256,0
-0.029720,0
-0.019809,0
-0.012072,0
-0.013311,0
-0.010452,0
-0.001202,0
0.013268,0
0.034611,0
0.039507,0
0.002123,0
-0.033210,0
-0.010532,0
0.026971,0
0.024344,0
0.010129,0
0.009325,0
-0.001123,0
-0.017603,0
-0.015603,0
-0.010402,0
-0.017435,0
-0.016249,0
-0.004230,0
0.003667,0
0.030015,0
0.079451,0
0.095815,0
0.068083,0
0.046621,0
0.038470,0
0.020461,0
0.007417,0
0.011857,0
0.004292,0
-0.019506,0
-0.021459,0
-0.004616,0
-0.005607,0
-0.019520,0
-0.020102,0
-0.005616,0
0.009984,0
0.011103,0
-0.003601,0
-0.012133,0
-0.002111,0
-0.001844,0
-0.026310,0
-0.026023,0
0.014553,0
0.022160,0
-0.020578,0
-0.036837,0
-0.008581,0
0.008723,0
0.001295,0
-0.004884,0
-0.002825,0
0.001985,0
0.006963,0
0.007466,0
0.003577,0
0.007148,0
0.018959,0
0.022737,0
0.019234,0
0.020863,0
0.021384,0
0.002365,0
-0.033759,0
-0.050796,0
-0.029859,0
0.004677,0
0.029572,0
0.048608,0
0.072980,0
0.087184,0
0.074678,0
0.062425,0
0.072224,0
0.080330,0
0.068653,0
0.051230,0
0.031397,0
-0.000668,0
-0.023216,0
-0.011146,0
0.009866,0
0.004886,0
-0.015604,0
-0.022797,0
-0.001455,0
0.040727,0
0.063592,0
0.044462,0
0.024421,0
0.034959,0
0.042595,0
0.018641,0
-0.021049,0
-0.053536,0
-0.071546,0
-0.081919,0
-0.082294,0
-0.056361,0
-0.018659,0
-0.006019,0
-0.008895,0
0.009819,0
0.036174,0
0.023265,0
-0.021538,0
-0.048450,0
-0.058850,0
-0.079790,0
-0.090523,0
-0.071032,0
-0.040298,0
-0.014969,0
0.005848,0
0.024899,0
0.032560,0
0.019615,0
-0.002554,0
-0.023018,0
-0.036057,0
-0.031385,0
-0.015369,0
-0.005678,0
0.001694,0
0.030376,0
0.079649,0
0.110508,0
0.090982,0
0.029934,0
-0.030989,0
-0.069862,0
-0.103144,0
-0.129898,0
-0.136362,0
-0.128109,0
-0.100580,0
-0.045265,0
0.022181,0
0.075979,0
0.092928,0
0.070200,0
0.039550,0
0.023129,0
0.007223,0
-0.008397,0
-0.007151,0
-0.004100,0
-0.026571,0
-0.068968,0
-0.102132,0
-0.105611,0
-0.086401,0
-0.067184,0
-0.056392,0
-0.040277,0
-0.007877,0
0.034530,0
0.082137,0
0.130673,0
0.155888,0
0.141420,0
0.116269,0
0.100309,0
0.066216,0
0.014405,0
-0.013534,0
-0.013705,0
-0.021005,0
-0.045271,0
-0.060748,0
-0.057443,0
-0.059202,0
-0.073028,0
-0.072110,0
-0.041829,0
-0.007566,0
-0.000984,0
-0.009356,0
-0.001417,0
0.011925,0
0.001950,0
-0.016909,0
-0.007434,0
0.018440,0
0.021913,0
0.009250,0
0.002696,0
0.006257,0
0.023615,0
0.048409,0
0.065705,0
0.060308,0
0.023614,0
-0.020602,0
-0.037974,0
-0.022308,0
0.006696,0
0.024820,0
0.034394,0
0.035909,0
0.011833,0
-0.001699,0
0.026905,0
0.034260,0
-0.004722,0
-0.018009,0
0.004497,0
-0.000932,0
-0.026929,0
-0.010762,0
0.038055,0
0.048612,0
0.006819,0
-0.026655,0
-0.014194,0
0.016829,0
0.028866,0
0.017473,0
-0.002419,0
-0.018341,0
-0.024861,0
-0.025402,0
-0.032534,0
-0.047905,0
-0.054328,0
-0.047246,0
-0.040268,0
-0.039904,0
-0.043082,0
-0.048986,0
-0.057309,0
-0.058868,0
-0.049810,0
-0.037981,0
-0.027121,0
-0.013922,0
0.005214,0
0.026623,0
0.040340,0
0.043313,0
0.041418,0
0.040059,0
0.039007,0
0.030901,0
0.012704,0
0.001178,0
0.007489,0
0.009139,0
-0.008780,0
-0.027079,0
-0.034303,0
-0.037490,0
-0.038624,0
-0.035199,0
-0.027332,0
-0.021337,0
-0.021378,0
-0.019915,0
-0.012329,0
-0.006205,0
-0.006605,0
-0.007836,0
-0.006820,0
-0.005577,0
-0.004426,0
-0.004552,0
-0.007167,0
-0.003679,0
0.012708,0
0.028175,0
0.032651,0
0.028570,0
0.015686,0
0.009087,0
0.021536,0
0.035854,0
0.040455,0
0.037607,0
0.026882,0
0.015125,0
0.008738,0
0.008911,0
0.016781,0
0.019894,0
0.008690,0
0.001928,0
0.012955,0
0.029448,0
0.044008,0
-0.010496,0
-0.193438,0
-0.296152,0
-0.140987,0
-0.001472,0
-0.137932,0
-0.358559,0
-0.375353,0
-0.187485,0
-0.005451,0
0.051693,1
0.059076,0
0.110722,0
0.201054,0
0.284267,1
0.357285,0
0.416279,0
0.441025,0
0.426804,0
0.376129,0
0.324043,0
0.294987,0
0.268627,0
0.233879,0
0.201309,0
0.174946,0
0.149664,0
0.123793,0
0.099815,0
0.078289,0
0.057838,0
0.038309,0
0.020259,0
0.003612,0
-0.011952,0
-0.026256,0
-0.039617,0
-0.051736,0
-0.062874,0
-0.073043,0
-0.082252,0
-0.090609,0
-0.098001,0
-0.104630,0
-0.110445,0
-0.115494,0
-0.119787,0
-0.123466,0
-0.126450,0
-0.128815,0
-0.130613,0
-0.131790,0
-0.132515,0
-0.132744,0
-0.173016,0
-0.284748,0
-0.405834,0
-0.506420,0
-0.593266,0
-0.634300,0
-0.638481,0
-0.620548,0
-0.581051,0
-0.540834,0
-0.493004,0
-0.421827,0
-0.363689,0
-0.343016,0
-0.311757,0
-0.236266,1
-0.150989,1
-0.089972,1
-0.040590,1
0.009483,1
0.046377,0
0.071777,0
0.102013,0
0.143623,0
0.188583,0
0.217983,0
0.232895,0
0.260582,0
0.309929,0
0.350769,0
0.354179,0
0.354591,0
0.397263,0
0.423752,0
0.370628,0
0.315430,0
0.339584,0
0.389351,0
0.393570,0
0.375412,0
0.377068,0
0.386848,0
0.396339,0
0.427917,0
0.473816,0
0.486977,0
0.453056,0
0.408318,0
0.382362,0
0.370796,0
0.341255,0
0.282089,0
0.241379,0
0.246780,0
0.254349,0
0.233223,0
0.203697,0
0.182716,0
0.161110,0
0.130901,0
0.115982,0
0.134773,0
0.138683,0
0.092560,0
0.056042,0
0.068867,0
0.070053,0
0.020850,0
-0.025980,0
-0.039422,0
-0.057571,0
-0.100699,0
-0.138496,0
-0.154846,0
-0.167742,0
-0.185291,0
-0.198681,0
-0.205048,0
-0.219799,0
-0.252399,0
-0.277870,0
-0.279388,0
-0.275200,0
-0.275826,0
-0.276497,0
-0.276756,0
-0.282959,0
-0.298325,0
-0.302734,0
-0.282005,0
-0.265961,0
-0.275169,0
-0.284813,0
-0.280022,0
-0.269104,0
-0.254303,0
-0.240677,0
-0.234543,0
-0.232704,0
-0.232368,0
-0.224251,0
-0.200806,0
-0.182137,0
-0.182999,0
-0.179855,0
-0.157181,0
-0.137558,0
-0.135056,0
-0.133736,0
-0.124969,0
-0.115723,0
-0.108330,0
-0.100693,0
-0.092972,0
-0.082916,0
-0.067924,0
-0.054466,0
-0.047600,0
-0.043289,0
-0.039108,0
-0.033264,0
-0.023773,0
-0.012520,0
-0.001099,0
0.004906,0
0.000954,0
0.000782,0
0.014526,0
0.029205,0
0.036606,0
0.039135,0
0.036638,0
0.035864,0
0.042906,0
0.051153,0
0.055687,0
0.056458,0
0.052500,0
0.049518,0
0.052308,0
0.059179,0
0.069504,0
0.081039,0
0.091835,0
0.095823,0
0.088016,0
0.080616,0
0.082533,0
0.088337,0
0.095562,0
0.097378,0
0.087479,0
0.078449,0
0.079794,0
0.083160,0
0.083622,0
0.088440,0
0.101772,0
0.105061,0
0.085133,0
0.073124,0
0.090630,0
0.101360,0
0.081467,0
0.065399,0
0.074406,0
0.081749,0
0.072334,0
0.064026,0
0.065796,0
0.065292,0
0.056717,0
0.052437,0
0.059616,0
0.066463,0
0.066269,0
0.062050,0
0.054108,0
0.046143,0
0.042065,0
0.043537,0
0.051750,0
0.060394,0
0.064751,0
0.065033,0
0.060493,0
0.056690,0
0.058113,0
0.058163,0
0.052132,0
0.046246,0
0.044632,0
0.042416,0
0.036919,0
0.025803,0
0.006378,0
0.002405,0
0.032282,0
0.057070,0
0.049042,0
0.034370,0
0.028345,0
0.030069,0
0.042992,0
0.049665,0
0.035078,0
0.022251,0
0.027449,0
0.028045,0
0.008797,0
-0.012989,0
-0.024913,0
-0.028265,0
-0.025741,0
-0.028821,0
-0.044130,0
-0.053643,0
-0.039700,0
-0.022865,0
-0.031516,0
-0.048910,0
-0.051235,0
-0.056101,0
-0.075824,0
-0.085838,0
-0.077118,0
-0.082610,0
-0.115809,0
-0.133183,0
-0.108135,0
-0.075273,0
-0.064056,0
-0.069717,0
-0.080898,0
-0.085413,0
-0.080290,0
-0.075821,0
-0.073006,0
-0.069799,0
-0.069622,0
-0.061089,0
-0.038915,0
-0.024128,0
-0.020022,0
-0.007173,0
0.003191,0
-0.002104,0
-0.001589,0
0.004071,0
-0.003892,0
-0.018639,0
-0.035357,0
-0.048815,0
-0.038232,0
-0.013898,0
-0.010856,0
-0.031995,0
-0.043048,0
-0.020117,0
0.005686,0
-0.013134,0
-0.055082,0
-0.057014,0
-0.023126,0
-0.007403,0
-0.005958,0
0.014419,0
0.036450,0
0.038318,0
0.035835,0
0.040460,0
0.049069,0
0.059572,0
0.065910,0
0.063776,0
0.054760,0
0.046626,0
0.052804,0
0.069963,0
0.077410,0
0.074711,0
0.078451,0
0.080779,0
0.064385,0
0.043117,0
0.035214,0
0.031824,0
0.017939,0
-0.003394,0
-0.005742,0
0.026814,0
0.054097,0
0.038061,0
0.015323,0
0.013886,0
-0.002378,0
-0.025341,0
0.001395,0
0.046686,0
0.037544,0
0.002845,0
0.002469,0
0.012874,0
-0.001677,0
-0.026260,0
-0.044032,0
-0.048701,0
-0.032648,0
-0.011172,0
-0.009469,0
-0.025456,0
-0.041534,0
-0.051783,0
-0.061824,0
-0.062371,0
-0.035724,0
-0.010212,0
-0.024314,0
-0.042138,0
-0.022978,0
-0.006717,0
-0.028906,0
-0.061412,0
-0.075678,0
-0.067905,0
-0.048580,0
-0.037284,0
-0.034511,0
-0.029204,0
-0.024866,0
-0.017625,0
-0.003931,0
-0.002399,0
-0.007105,0
0.007778,0
0.027409,0
0.023594,0
0.005512,0
-0.000414,0
0.010215,0
0.020982,0
0.019006,0
0.011855,0
0.016621,0
0.021815,0
0.001504,0
-0.022489,0
-0.008574,0
0.015761,0
0.000268,0
-0.024958,0
-0.010647,0
0.028908,0
0.053223,0
0.047616,0
0.039564,0
0.070250,0
0.135707,0
0.189811,0
0.217213,0
0.243241,0
0.274671,0
0.301077,0
0.312805,0
0.301036,0
0.281130,0
0.275594,0
0.281977,0
0.274216,0
0.241736,0
0.213860,0
0.206786,0
0.195309,0
0.165466,0
0.131319,0
0.098999,0
0.061619,0
0.017090,0
-0.026573,0
-0.065125,0
-0.112251,0
-0.177086,0
-0.237652,0
-0.278938,0
-0.320282,0
-0.373581,0
-0.414940,0
-0.448364,0
-0.509781,0
-0.577477,0
-0.620811,0
-0.651428,0
-0.663544,0
-0.643112,0
-0.602959,0
-0.565605,0
-0.541695,0
-0.524658,0
-0.506760,0
-0.490692,0
-0.470345,0
-0.429489,0
-0.380177,0
-0.357536,0
-0.364594,0
-0.365274,0
-0.328602,0
-0.261183,0
-0.191545,0
-0.141333,0
-0.097829,0
0.012825,1
0.223305,1
0.408550,1
0.493397,1
0.652843,1
0.947590,1
1.056698,1
0.814949,0
0.560944,0
0.569427,0
0.676132,0
0.689331,0
0.670158,0
0.762840,0
0.953819,0
1.002190,0
0.826279,0
0.667786,0
0.629059,0
0.582069,0
0.486740,0
0.405663,0
0.351990,0
0.295536,0
0.232605,0
0.177139,0
0.129520,0
0.083096,0
0.038082,0
-0.002640,0
-0.039682,0
-0.074376,0
-0.106610,0
-0.135898,0
-0.162511,0
-0.186848,0
-0.208828,0
-0.228539,0
-0.246071,0
-0.261578,0
-0.275150,0
-0.286831,0
-0.296726,0
-0.304962,0
-0.311584,0
-0.316711,0
-0.320419,0
-0.322739,0
-0.323761,0
-0.323662,0
-0.322342,0
-0.320030,0
-0.316742,0
-0.312508,0
-0.307343,0
-0.301529,0
-0.294937,0
-0.287643,0
-0.279762,0
-0.271347,0
-0.262329,0
-0.252975,0
-0.243202,0
-0.233017,0
-0.222527,0
-0.211876,0
-0.200920,0
-0.189774,0
-0.178505,0
-0.167168,0
-0.155678,0
-0.144211,0
-0.132774,0
-0.218872,0
-0.574562,0
-1.082275,0
-1.391968,0
-1.415592,0
-1.320568,0
-1.223923,0
-1.106775,0
-0.942120,0
-0.774340,0
-0.627108,0
-0.486557,1
-0.351606,1
-0.227570,1
-0.113514,0
-0.006828,0
0.092529,0
0.183617,0
0.267151,0
0.343826,0
0.413773,0
0.477112,0
0.534180,0
0.585251,0
0.630707,0
0.670609,0
0.705338,0
0.735153,0
0.760269,0
0.780823,0
0.797272,0
0.809631,0
0.818176,0
0.823181,0
0.824829,0
0.823273,0
0.818726,0
0.811432,0
0.801544,0
0.789246,0
0.774780,0
0.758179,0
0.739746,0
0.719482,0
0.697662,0
0.674408,0
0.649902,0
0.624237,0
0.597748,0
0.575623,0
0.564240,0
0.566711,0
0.584381,0
0.606476,0
0.623535,0
0.643555,0
0.665390,0
0.672852,0
0.653168,0
0.621033,0
0.612015,0
0.622177,0
0.607391,0
0.555313,0
0.494934,0
0.442085,0
0.380630,0
0.306458,0
0.242828,0
0.193214,0
0.136759,0
0.067085,0
-0.007742,0
-0.080807,0
-0.148903,0
-0.212624,0
-0.269661,0
-0.322380,0
-0.383751,0
-0.445061,0
-0.486725,0
-0.512543,0
-0.535538,0
-0.565140,0
-0.598724,0
-0.625565,0
-0.647736,0
-0.664551,0
-0.666489,0
-0.662140,0
-0.665802,0
-0.665222,0
-0.654175,0
-0.659515,0
-0.684052,0
-0.693390,0
-0.684601,0
-0.678040,0
-0.675323,0
-0.682739,0
-0.697479,0
-0.686005,0
-0.655853,0
-0.651764,0
-0.671234,0
-0.679993,0
-0.661530,0
-0.624969,0
-0.594604,0
-0.582001,0
-0.578552,0
-0.569733,0
-0.545105,0
-0.513885,0
-0.491150,0
-0.464020,0
-0.426086,0
-0.404572,0
-0.396027,0
-0.356873,0
-0.293030,0
-0.249756,0
-0.229462,0
-0.209442,0
-0.184662,0
-0.159409,0
-0.134995,0
-0.107330,0
-0.080841,0
-0.065582,0
-0.053619,0
-0.036591,0
-0.022186,0
-0.009521,0
0.007751,0
0.026596,0
0.044617,0
0.056717,0
0.059837,0
0.062317,0
0.067719,0
0.076614,0
0.091476,0
0.099007,0
0.089016,0
0.085331,0
0.105457,0
0.126230,0
0.131502,0
0.139357,0
0.161894,0
0.177383,0
0.170376,0
0.170567,0
0.198612,0
0.222694,0
0.221954,0
0.217506,0
0.220749,0
0.227142,0
0.236908,0
0.246567,0
0.251503,0
0.256149,0
0.264549,0
0.274666,0
0.285645,0
0.286942,0
0.269989,0
0.260674,0
0.277939,0
0.293503,0
0.288376,0
0.280228,0
0.278610,0
0.275848,0
0.269730,0
0.262299,0
0.253128,0
0.247101,0
0.249008,0
0.247040,0
0.232193,0
0.218826,0
0.216614,0
0.217422,0
0.216934,0
0.213608,0
0.204407,0
0.193054,0
0.182648,0
0.173508,0
0.165878,0
0.163757,0
0.169769,0
0.169342,0
0.151520,0
0.139725,0
0.150284,0
0.155136,0
0.135544,0
0.112442,0
0.098007,0
0.090820,0
0.093338,0
0.091385,0
0.072235,0
0.060127,0
0.072517,0
0.075539,0
0.045998,0
0.022827,0
0.031570,0
0.041595,0
0.034935,0
0.024910,0
0.016365,0
0.007744,0
0.001129,0
-0.007561,0
-0.022942,0
-0.029129,0
-0.013824,0
-0.003113,0
-0.015373,0
-0.023121,0
-0.008362,0
0.000214,0
-0.015182,0
-0.033222,0
-0.041920,0
-0.041828,0
-0.029488,0
-0.019672,0
-0.025444,0
-0.024893,0
-0.002399,0
0.019466,0
0.026043,0
0.031669,0
0.044116,0
0.054732,0
0.059403,0
0.057480,0
0.046574,0
0.038027,0
0.041088,0
0.033762,0
0.000019,0
-0.031713,0
-0.042061,0
-0.058519,0
-0.098320,0
-0.125999,0
-0.118542,0
-0.116970,0
-0.147923,0
-0.177643,0
-0.186207,0
-0.186222,0
-0.181065,0
-0.182884,0
-0.204308,0
-0.228577,0
-0.243256,0
-0.245361,0
-0.231026,0
-0.220146,0
-0.228577,0
-0.229820,0
-0.205971,0
-0.189987,0
-0.204514,0
-0.219231,0
-0.215912,0
-0.207428,0
-0.198975,0
-0.190430,0
-0.185196,0
-0.186363,0
-0.195312,0
-0.190380,0
-0.155388,0
-0.122562,0
-0.114033,0
-0.105141,0
-0.081509,0
-0.067818,0
-0.079155,0
-0.083595,0
-0.060379,0
-0.032799,0
-0.014156,0
-0.008171,0
-0.022467,0
-0.026947,0
0.002724,0
0.031359,0
0.034918,0
0.032084,0
0.032605,0
0.035558,0
0.044034,0
0.049273,0
0.042823,0
0.040096,0
0.052124,0
0.062194,0
0.059063,0
0.063673,0
0.090034,0
0.113785,0
0.119181,0
0.125851,0
0.145189,0
0.160294,0
0.161560,0
0.169132,0
0.195618,0
0.223324,0
0.241863,0
0.254738,0
0.261768,0
0.262451,0
0.258045,0
0.243275,0
0.213718,0
0.168171,0
0.105484,0
0.023540,0
-0.079037,0
-0.192310,0
-0.308300,0
-0.388153,0
-0.400398,0
-0.376717,0
-0.337780,0
-0.285378,0
-0.225731,0
-0.198212,0
-0.231922,0
-0.254276,0
-0.219658,0
-0.191872,0
-0.219910,0
-0.272152,0
-0.247917,0
-0.119621,0
-0.001884,0
0.068573,1
0.159058,1
0.276375,1
0.385902,1
0.449448,1
0.464355,0
0.575714,0
0.873146,1
1.046967,1
0.881943,0
0.688461,0
0.664177,0
0.644569,0
0.551689,0
0.467102,0
0.419075,0
0.280891,0
-0.024639,0
-0.258865,0
-0.258221,0
-0.090797,0
0.224762,0
0.424965,0
0.285734,0
-0.068657,0
-0.564163,0
-0.878509,0
-0.935466,0
-1.274352,0
-1.617161,0
-1.360849,0
-0.966527,0
-0.898985,0
-0.887760,0
-0.731897,0
-0.573524,0
-0.493102,0
-0.418100,0
-0.317020,0
-0.225521,0
-0.154770,0
-0.087036,0
-0.018265,0
0.043358,0
0.097034,0
0.146973,0
0.193443,0
0.234901,0
0.271629,0
0.304642,0
0.334007,0
0.359581,0
0.381599,0
0.400444,0
0.416183,0
0.428963,0
0.438965,0
0.446365,0
0.451294,0
0.453949,0
0.454422,0
0.452881,0
0.449463,0
0.444321,0
