Command: /home/vedant/.espressif/python_env/idf5.5_py3.10_env/bin/python /home/vedant/esp/esp-idf/tools/idf_monitor.py -p /dev/ttyUSB0 -b 115200 --toolchain-prefix xtensa-esp32-elf- --target esp32 --revision 0 /home/vedant/Bidex_Hand_Project/eog_bioamp/build/eog_bioamp.elf /home/vedant/Bidex_Hand_Project/eog_bioamp/build/bootloader/bootloader.elf -m '/home/vedant/.espressif/python_env/idf5.5_py3.10_env/bin/python' '/home/vedant/esp/esp-idf/tools/idf.py'
ets Jul 29 2019 12:21:46

rst:0x1 (POWERON_RESET),boot:0x13 (SPI_FAST_FLASH_BOOT)
configsip: 0, SPIWP:0xee
clk_drv:0x00,q_drv:0x00,d_drv:0x00,cs0_drv:0x00,hd_drv:0x00,wp_drv:0x00
mode:DIO, clock div:2
load:0x3fff0030,len:6380
ho 0 tail 12 room 4
load:0x40078000,len:15916
load:0x40080400,len:3860
entry 0x40080638
[0;32mI (29) boot: ESP-IDF v5.5 2nd stage bootloader[0m
[0;32mI (29) boot: compile time Jan 13 2026 13:56:03[0m
[0;32mI (29) boot: Multicore bootloader[0m
[0;32mI (30) boot: chip revision: v3.1[0m
[0;32mI (33) boot.esp32: SPI Speed      : 40MHz[0m
[0;32mI (37) boot.esp32: SPI Mode       : DIO[0m
[0;32mI (40) boot.esp32: SPI Flash Size : 2MB[0m
[0;32mI (44) boot: Enabling RNG early entropy source...[0m
[0;32mI (49) boot: Partition Table:[0m
[0;32mI (51) boot: ## Label            Usage          Type ST Offset   Length[0m
[0;32mI (57) boot:  0 nvs              WiFi data        01 02 00009000 00006000[0m
[0;32mI (64) boot:  1 phy_init         RF data          01 01 0000f000 00001000[0m
[0;32mI (71) boot:  2 factory          factory app      00 00 00010000 00100000[0m
[0;32mI (77) boot: End of partition table[0m
[0;32mI (80) esp_image: segment 0: paddr=00010020 vaddr=3f400020 size=0a3a8h ( 41896) map[0m
[0;32mI (102) esp_image: segment 1: paddr=0001a3d0 vaddr=3ff80000 size=00020h (    32) load[0m
[0;32mI (102) esp_image: segment 2: paddr=0001a3f8 vaddr=3ffb0000 size=023e8h (  9192) load[0m
[0;32mI (110) esp_image: segment 3: paddr=0001c7e8 vaddr=40080000 size=03830h ( 14384) load[0m
[0;32mI (119) esp_image: segment 4: paddr=00020020 vaddr=400d0020 size=1665ch ( 91740) map[0m
[0;32mI (152) esp_image: segment 5: paddr=00036684 vaddr=40083830 size=097dch ( 38876) load[0m
[0;32mI (174) boot: Loaded app from partition at offset 0x10000[0m
[0;32mI (174) boot: Disabling RNG early entropy source...[0m
[0;32mI (185) cpu_start: Multicore app[0m
[0;32mI (193) cpu_start: Pro cpu start user code[0m
[0;32mI (193) cpu_start: cpu freq: 160000000 Hz[0m
[0;32mI (193) app_init: Application information:[0m
[0;32mI (193) app_init: Project name:     eog_bioamp[0m
[0;32mI (197) app_init: App version:      1[0m
[0;32mI (201) app_init: Compile time:     Jan 13 2026 13:55:47[0m
[0;32mI (206) app_init: ELF file SHA256:  210d39fe4...[0m
[0;32mI (210) app_init: ESP-IDF:          v5.5[0m
[0;32mI (214) efuse_init: Min chip rev:     v0.0[0m
[0;32mI (218) efuse_init: Max chip rev:     v3.99 [0m
[0;32mI (222) efuse_init: Chip rev:         v3.1[0m
[0;32mI (226) heap_init: Initializing. RAM available for dynamic allocation:[0m
[0;32mI (232) heap_init: At 3FFAE6E0 len 00001920 (6 KiB): DRAM[0m
[0;32mI (237) heap_init: At 3FFB2D78 len 0002D288 (180 KiB): DRAM[0m
[0;32mI (242) heap_init: At 3FFE0440 len 00003AE0 (14 KiB): D/IRAM[0m
[0;32mI (248) heap_init: At 3FFE4350 len 0001BCB0 (111 KiB): D/IRAM[0m
[0;32mI (253) heap_init: At 4008D00C len 00012FF4 (75 KiB): IRAM[0m
[0;33mW (260) spi_flash: boya detected but related driver is not linked, please check option `SPI_FLASH_SUPPORT_BOYA_CHIP`[0m
[0;32mI (269) spi_flash: detected chip: generic[0m
[0;32mI (272) spi_flash: flash io: dio[0m
[0;33mW (275) spi_flash: Detected size(4096k) larger than the size in the binary image header(2048k). Using the size in the binary image header.[0m
[0;32mI (288) main_task: Started on CPU0[0m
[0;32mI (298) main_task: Calling app_main()[0m
EOG Signal Monitor Started
signal,peak
0.7836,1
3.0415,1
4.6363,1
4.4121,1
4.2538,1
3.3305,1
1.8965,1
2.5540,1
2.4504,1
0.7325,1
1.2045,1
1.4610,0
-0.0496,0
0.3233,0
0.6108,0
-0.7329,0
-0.3728,0
-0.1978,0
-1.4796,0
-0.9516,0
-0.7350,0
-2.0321,0
-1.3841,0
-1.0127,0
-2.2839,0
-1.6697,0
-1.2852,0
-2.4981,0
-1.8114,0
-1.3655,0
-2.5534,0
-1.8961,0
-1.5177,0
-2.6913,0
-1.8868,0
-1.4049,0
-2.6041,0
-1.8015,0
-1.2461,0
-2.4116,0
-1.6412,0
-1.0942,0
-2.2270,0
-1.4395,0
-0.8860,0
-2.0072,0
-1.2142,0
-0.6374,1
-1.7392,0
-1.0033,0
-0.5151,1
-1.6117,0
-0.8092,0
-0.3458,1
-1.4933,0
-0.5824,0
0.0428,1
-1.1182,0
-0.3703,0
0.1375,1
-0.9918,0
-0.1197,0
0.4722,1
-0.6894,0
0.0759,0
0.5861,1
-0.5634,0
0.2748,0
0.8158,1
-0.3678,0
0.4448,0
0.9912,1
-0.1928,0
0.6050,0
1.1409,1
-0.0482,0
0.7604,0
1.3357,1
0.1514,0
0.8746,0
1.3695,1
0.1981,0
0.9573,0
1.4355,0
0.2348,0
0.9969,0
1.4677,0
0.2472,0
1.0266,0
1.5232,0
0.2890,0
1.0456,0
1.5413,0
0.3079,0
1.0795,0
1.6371,0
0.4195,0
1.0514,0
1.4387,0
0.2315,0
1.0151,0
1.4706,0
0.2037,0
0.9488,0
1.4271,0
0.1698,0
1.0591,0
1.9787,0
0.8446,0
1.1401,0
1.7282,0
0.8739,0
0.9129,0
0.5621,0
-0.4429,0
0.6054,0
0.8375,0
-0.5556,0
0.3207,0
0.8599,0
-0.4508,0
0.2662,0
0.7751,0
-0.4635,0
0.2579,0
0.7296,0
-0.5107,0
0.2782,0
0.8949,0
-0.3148,0
0.2769,0
0.7804,0
-0.3404,0
0.2217,0
0.5485,0
-0.5928,0
0.0766,0
0.3416,0
-0.8938,0
-0.0437,0
0.4259,0
-0.8644,0
-0.1088,0
0.4046,0
-0.8395,0
-0.0930,0
0.4624,0
-0.7458,0
-0.0925,0
0.3731,0
-0.8015,0
-0.1427,0
0.2059,0
-1.0084,0
-0.1788,0
0.3344,0
-0.9199,0
-0.1954,0
0.3370,0
-0.8596,0
-0.1475,0
0.4235,0
-0.7243,0
-0.1376,0
0.2942,0
-0.8117,0
-0.2221,0
-0.0045,0
-1.1893,0
-0.2461,0
0.3491,0
-0.9033,0
-0.2538,0
0.2815,0
-0.8474,0
-0.1962,0
0.2702,0
-0.8472,0
-0.1495,0
0.3844,0
-0.7115,0
-0.1519,0
0.2396,0
-0.8192,0
-0.1968,0
0.0996,0
-1.0225,0
-0.2663,0
0.1019,0
-1.0924,0
-0.2010,0
0.5357,0
-0.6020,0
-0.1420,0
0.2920,0
-0.7012,0
-0.0486,0
0.4094,0
-0.6258,0
-0.1156,0
0.1100,0
-0.9462,0
-0.0348,0
0.6913,0
-0.3810,0
-0.0614,0
0.2193,0
-0.6980,0
0.0344,0
0.5511,0
-0.4450,0
-0.0045,0
0.3233,0
-0.5926,0
-0.0859,0
0.0327,0
-0.9940,0
-0.0859,0
0.5073,0
-0.5847,0
-0.0690,0
0.4039,0
-0.5349,0
0.0058,0
0.3653,0
-0.5877,0
0.0678,0
0.5704,0
-0.3774,0
0.0152,0
0.1832,0
-0.7527,0
-0.0233,0
0.2731,0
-0.8097,0
0.0080,0
0.6513,0
-0.3828,0
0.0621,0
0.4514,0
-0.4635,0
0.2032,0
0.7622,0
-0.1584,0
0.1640,0
0.3266,0
-0.5544,0
0.1177,0
0.3669,0
-0.6730,0
0.0785,0
0.5737,0
-0.4617,0
0.1255,0
0.6225,0
-0.3217,0
0.2049,0
0.6324,0
-0.2722,0
0.2044,0
0.4740,0
-0.4494,0
0.1900,0
0.5663,0
-0.4081,0
0.1723,0
0.5806,0
-0.3619,0
0.1788,0
0.5501,0
-0.3760,0
0.2070,0
0.6443,0
-0.2664,0
0.2004,0
0.5298,0
-0.3485,0
0.1732,0
0.4607,0
-0.4549,0
0.1387,0
0.5040,0
-0.4307,0
0.1575,0
0.6404,0
-0.2426,0
0.1650,0
0.4856,0
-0.3400,0
0.1584,0
0.4584,0
-0.4027,0
0.1187,0
0.4504,0
-0.4151,0
0.1191,0
0.5374,0
-0.2944,0
0.0637,0
0.2434,0
-0.5769,0
0.0393,0
0.3785,0
-0.5202,0
-0.0017,0
0.3529,0
-0.5074,0
-0.0674,0
0.0760,0
-0.8298,0
-0.0626,0
0.3936,0
-0.5904,0
-0.0591,0
0.3488,0
-0.5498,0
0.0518,0
0.5630,0
-0.3034,0
0.0259,0
0.1588,0
-0.6988,0
0.0610,0
0.5216,0
-0.4416,0
-0.0005,0
0.2650,0
-0.6339,0
0.0431,0
0.4706,0
-0.4839,0
0.0710,0
0.5159,0
-0.3735,0
0.0755,0
0.3278,0
-0.5650,0
0.0613,0
0.3822,0
-0.5874,0
0.0672,0
0.5378,0
-0.4101,0
0.1077,0
0.5302,0
-0.3521,0
0.1187,0
0.3963,0
-0.4983,0
0.1254,0
0.5251,0
-0.4050,0
0.1226,0
0.5208,0
-0.3617,0
0.0833,0
0.2896,0
-0.6164,0
0.0873,0
0.5344,0
-0.4257,0
0.0841,0
0.4970,0
-0.3807,0
0.0944,0
0.3887,0
-0.4949,0
0.0430,0
0.2753,0
-0.6748,0
0.0631,0
0.6067,0
-0.3470,0
0.0260,0
0.2599,0
-0.6210,0
0.0462,0
0.4060,0
-0.5734,0
0.0325,0
0.4569,0
-0.4894,0
0.0499,0
0.4176,0
-0.5080,0
0.0452,0
0.3531,0
-0.6018,0
0.0205,0
0.3551,0
-0.6431,0
0.0420,0
0.5275,0
-0.4600,0
0.0305,0
0.3182,0
-0.6441,0
0.0843,0
0.5756,0
-0.4311,0
0.0861,0
0.4644,0
-0.4793,0
0.1171,0
0.5009,0
-0.4673,0
0.0823,0
0.3758,0
-0.6120,0
0.0764,0
0.4964,0
-0.5287,0
0.0579,0
0.4320,0
-0.5710,0
0.0861,0
0.5273,0
-0.4843,0
0.1067,0
0.5329,0
-0.4480,0
0.1030,0
0.4281,0
-0.5641,0
0.0603,0
0.3572,0
-0.6985,0
0.0728,0
0.6090,0
-,0
0.4173,0
-0.5838,0
0.1250,0
0.6177,0
-0.4145,0
0.1430,0
0.5833,0
-0.3847,0
0.1366,0
0.4391,0
-0.5453,0
0.1093,0
0.4834,0
-0.5508,0
0.0571,0
0.4081,0
-0.6292,0
0.0770,0
0.5805,0
-0.4524,0
0.0994,0
0.5379,0
-0.4281,0
0.0998,0
0.4127,0
-0.5699,0
0.0750,0
0.4469,0
-0.5808,0
0.0145,0
0.3308,0
-0.7115,0
0.0003,0
0.4244,0
-0.6528,0
0.0005,0
0.4397,0
-0.6137,0
0.0905,0
0.6940,0
-0.3064,0
0.0821,0
0.3191,0
-0.6339,0
0.0629,0
0.3810,0
-0.7020,0
0.2964,0
1.5283,1
00.2925,0
0.2482,0
-0.2866,0
0.1445,0
-0.1613,0
-1.1584,0
-0.1634,0
0471,0
-1.0681,0
-0.2812,0
0.2476,0
-0.8655,0
-0.2117,0
0-0.8185,0
-0.0972,0
0.4167,0
-0.6514,0
-0.0049,0
0.4936,0
-0.5336,0
0.0781,0
0.5403,0
-0.4628,0
0.1027,0
0.4574,0
-0.5519,0
0.0916,0
0.4471,0
-0.6092,0
-0.0325,0
0.0855,0
-1.0672,0
-0.0639,0
0.4450,0
-0.8432,0
0.0367,0
0.8452,0
-0.2949,0
0.2010,0
0.7448,0
-0.2359,0
0.2750,0
0.5735,0
-0.4556,0
0.2999,0
0.8306,0
-0.2376,0
0.2656,0
0.6546,0
-0.3319,0
0.2541,0
0.6176,0
-0.3987,0
0.2098,0
0.6025,0
-0.4166,0
0.2223,0
0.7550,0
-0.2136,0
0.4712,0
1.5465,1
0.8459,0
0.3274,0
-0.1071,0
-0.6405,0
0.1205,0
0.0272,0
-1.0453,0
-0.1861,0
0.2611,0
-0.8159,0
-0.2181,0
0.2893,0
-0.6464,0
-0.1367,0
0.2721,0
-0.6160,0
-0.0923,0
0.2552,0
-0.6434,0
-0.0457,0
0.4136,0
-0.4710,0
-0.0271,0
0.3234,0
-0.5051,0
-0.0064,0
0.3299,0
-0.5105,0
-0.0046,0
0.3605,0
-0.4650,0
-0.0299,0
0.2351,0
-0.5833,0
-0.0566,0
0.2315,0
-0.6281,0
-0.1305,0
0.0687,0
-0.8330,0
-0.0841,0
0.4662,0
-0.4489,0
0.0296,0
0.6144,0
-0.1217,0
0.0994,0
0.2990,0
-0.3818,0
0.0595,0
0.1847,0
-0.6269,0
0.0423,0
0.5319,0
-0.2880,0
0.0700,0
0.4816,0
-0.1881,0
0.1225,0
0.3858,0
-0.2605,0
0.1075,0
0.3379,0
-0.3307,0
0.0694,0
0.3369,0
-0.3309,0
0.0268,0
0.2556,0
-0.3998,0
0.0264,0
0.3459,0
-0.3008,0
0.0268,0
0.3064,0
-0.2883,0
0.0454,0
0.3180,0
-0.2562,0
0.0504,0
0.3080,0
-0.2366,0
0.0168,0
0.1624,0
-0.3812,0
-0.0164,0
0.1881,0
-0.3892,0
0.0195,0
0.4253,0
-0.1173,0
-0.0374,0
0.1190,0
-0.3036,0
-0.1114,0
-0.1100,0
-0.7072,0
-0.3892,0
0.0367,0
-0.3303,0
-0.3498,0
-0.2868,0
-0.4859,0
-0.1813,0
-0.0779,0
-0.4699,0
-0.3026,0
-0.0753,0
-0.3441,0
-0.2346,0
-0.0082,0
-0.5146,0
-1.3598,0
-1.9008,0
-1.5740,0
-0.3678,0
0.4154,1
0.2930,1
0.3516,1
0.7737,1
0.9296,1
0.9147,1
0.8860,1
0.7078,0
0.3423,0
-0.0826,0
-0.0637,0
0.4116,0
0.4904,0
0.2042,0
0.3363,0
0.5773,0
0.4295,0
0.3326,0
0.4122,0
0.3851,0
0.4070,0
0.4824,0
0.4124,0
0.3977,0
0.5302,0
0.6119,0
0.6692,0
0.7031,0
0.5429,0
0.2201,0
-0.0314,0
-0.0435,0
0.1106,0
0.2140,0
0.1048,0
-0.0764,0
0.0491,0
0.3122,0
0.2047,0
-0.0126,0
0.1475,0
0.4056,0
0.3246,0
0.2632,0
0.9161,0
1.8494,1
1.9232,1
1.2230,1
0.5339,1
-0.1621,0
-0.9178,0
-1.1211,0
-0.7295,0
-0.5767,0
-0.8502,0
-1.0702,0
-1.0915,0
-0.8049,0
-0.3277,0
-0.1907,0
-0.3796,0
-0.5279,0
-0.5767,0
-0.5249,0
-0.3897,0
-0.2617,0
-0.1762,0
-0.1945,0
-0.2264,0
-0.0326,1
0.0158,0
-0.3730,0
-0.4320,0
-0.0756,0
0.0019,0
0.0670,0
0.1625,1
-0.1224,0
-0.2743,0
-0.1665,0
-0.2902,0
-0.2788,0
-0.1143,0
-0.4125,0
-0.6098,0
-0.2352,0
0.0106,0
0.1111,0
0.1838,0
-0.1656,0
-0.2288,0
0.1847,0
0.0966,0
0.0282,0
0.4152,1
0.2989,1
-0.0360,0
0.0400,0
0.0308,0
-0.0013,0
0.0103,0
-0.2153,0
0.0572,0
0.3936,0
-0.5890,0
-1.4367,0
-0.8501,0
-0.2808,0
-0.0485,0
0.3042,0
0.3337,0
0.5044,1
0.8103,1
0.4697,0
0.3911,0
0.7332,0
0.0509,0
-0.9078,0
-0.9709,0
-0.8268,0
-0.3530,0
0.3143,0
0.1802,0
0.2106,0
0.6560,0
0.2210,0
0.0115,0
0.6469,0
0.4839,0
0.1330,0
0.4605,0
0.2808,0
0.1147,0
0.4237,0
0.0521,0
-0.0548,0
0.5636,0
0.3413,0
0.0768,0
0.3887,0
-0.0053,0
-0.1151,0
0.4114,0
-0.0245,0
-0.2239,0
0.4642,0
0.2626,0
0.0980,0
1.0694,1
1.6646,1
